[{"uid": "f710d446", "axes": [[0.16130577289659892, 0.9825399057689447, -0.09271343592912529], [0.9868705062586424, -0.16136633755414267, 0.006892675908048477], [0.008188498460753795, 0.09260798386702761, 0.9956689760241817]], "hyperbolic_axes": [4.953724320678759, 19.963255225378326, 1.0], "max_angular_error": 22.82564997680973, "min_angular_error": 5.735330082715176, "strike": -84.94698627644436, "dip": 5.334451780627688, "rake": 4.251768477526119, "disabled": false, "sol": 1802.0, "id": 5266.0, "n": 95.0, "L": 0.7421974130916993}, {"uid": "7788db67", "axes": [[0.995404067008733, -0.030760143808283614, -0.09068934300879959], [-0.023114458424432636, -0.9961822020907141, 0.08418278950855036], [0.09293258413613159, 0.08169965600043641, 0.9923148195079983]], "hyperbolic_axes": [4.793602312462018, 19.985224173104776, 1.0], "max_angular_error": 23.5671127502543, "min_angular_error": 5.72903597279773, "strike": -41.31961462947561, "dip": 7.107930860753682, "rake": 42.86915068415378, "disabled": false, "sol": 1802.0, "id": 5266.0, "n": 75.0, "L": 1.10358739119293}, {"uid": "22748835", "axes": [[0.6117153796162538, 0.7907013914725458, 0.024404996708095487], [0.7886704782665722, -0.6119684810088148, 0.05910545628400089], [-0.061669855291857714, 0.016908216202291826, 0.9979533762521863]], "hyperbolic_axes": [5.847933135717485, 15.826878375191232, 1.0], "max_angular_error": 19.40751045562919, "min_angular_error": 7.230701514056981, "strike": 195.33219579726898, "dip": 3.666323076799292, "rake": 112.4360234214431, "disabled": false, "sol": 1802.0, "id": 5266.0, "n": 136.0, "L": 0.3224792396418742}, {"uid": "97fa9cf7", "axes": [[-0.11468020775278703, 0.9925139107867602, -0.04200698566368289], [0.9901578960228691, 0.11761826134105098, 0.07585041557350423], [-0.08022338121360052, 0.032895007126910375, 0.9962339723241614]], "hyperbolic_axes": [6.2356280115566385, 16.76994168954194, 1.0], "max_angular_error": 18.22175469918265, "min_angular_error": 6.825070042734844, "strike": 202.29572070151818, "dip": 4.974114465669826, "rake": 61.02172317841061, "disabled": false, "sol": 1802.0, "id": 5266.0, "n": 127.0, "L": 0.3915830180178855}, {"uid": "6f1bc8f9", "axes": [[-0.14075399522974957, 0.9886257949275575, -0.0529844357403067], [0.9831704532008191, 0.14587196749516074, 0.10998740406058667], [-0.11646532865947548, 0.03661156515291065, 0.9925197330619148]], "hyperbolic_axes": [6.161375585878493, 17.631469381028488, 1.0], "max_angular_error": 18.43760150756167, "min_angular_error": 6.492307632271964, "strike": 197.450849062285, "dip": 7.012409513487967, "rake": 64.2784019375037, "disabled": false, "sol": 1802.0, "id": 5266.0, "n": 161.0, "L": 0.3387871750819412}, {"uid": "306b5f20", "axes": [[-0.04267643492081198, 0.9970483385987664, -0.06382266368531993], [0.9981802971212614, 0.045274384246983934, 0.03982869028686268], [-0.04260066127843639, 0.062006778891474504, 0.9971661561796727]], "hyperbolic_axes": [5.61886857385706, 17.286350290251065, 1.0], "max_angular_error": 20.18274436334978, "min_angular_error": 6.621639936924272, "strike": 235.5096766629673, "dip": 4.314477411673714, "rake": 31.96632655721814, "disabled": false, "sol": 1802.0, "id": 5266.0, "n": 80.0, "L": 0.6121084952849517}, {"uid": "1220107c", "axes": [[-0.035315391845764495, 0.9992047669534554, -0.018510991228758173], [0.9988790909774237, 0.035875927179008615, 0.03087846267484973], [-0.03151800607423836, 0.0173997570827159, 0.9993517217409329]], "hyperbolic_axes": [5.88641631589241, 15.592062663471792, 1.0], "max_angular_error": 19.28302071907587, "min_angular_error": 7.339300177563103, "strike": 208.9012302242606, "dip": 2.063202349005655, "rake": 59.05819607375483, "disabled": false, "sol": 1802.0, "id": 5266.0, "n": 79.0, "L": 0.2906498408738555}, {"uid": "0f2f0983", "axes": [[0.6039180607526743, 0.7944086366503096, 0.06479115612586062], [0.7846110585757264, -0.6068316322932574, 0.12704667177450504], [-0.14024429634536725, 0.025889922048883997, 0.9897783839218229]], "hyperbolic_axes": [8.446177037128628, 19.510132105129752, 1.0], "max_angular_error": 13.50440288974996, "min_angular_error": 5.868303083428781, "strike": 190.45938258789488, "dip": 8.199135062739513, "rake": 117.0206344243819, "disabled": false, "sol": 1802.0, "id": 5266.0, "n": 105.0, "L": 0.3364868199499034}, {"uid": "15f5f921", "axes": [[0.4285257522632209, 0.903413713676242, 0.014468641572082662], [0.9024147203566265, -0.4287373719466138, 0.04280114928343166], [-0.044870392587008374, 0.005284679556201691, 0.9989788386302664]], "hyperbolic_axes": [7.90912587363995, 14.708642539347332, 1.0], "max_angular_error": 14.41205095964627, "min_angular_error": 7.778793267985993, "strike": 186.7171541039737, "dip": 2.589534985277466, "rake": 108.6774795581738, "disabled": false, "sol": 1802.0, "id": 5294.0, "n": 135.0, "L": 0.3160847038374565}, {"uid": "5703638b", "axes": [[0.41043280388367703, 0.9116562601121195, 0.020682768058616775], [0.9091180754478203, -0.410846949329037, 0.06862294893893074], [-0.0710579931480932, 0.009362031051388374, 0.9974282500432592]], "hyperbolic_axes": [7.258590513517976, 14.073807132869616, 1.0], "max_angular_error": 15.6882694133817, "min_angular_error": 8.128525217276344, "strike": 187.5056025493878, "dip": 4.110031207510221, "rake": 106.7726622862788, "disabled": false, "sol": 1802.0, "id": 5294.0, "n": 113.0, "L": 0.281081109290538}, {"uid": "16100e7f", "axes": [[0.8862486403466486, 0.4526391481643762, 0.09839283018972717], [0.4442114577205508, -0.8907146307057099, 0.09645531336621144], [-0.1312993842845424, 0.0417761677971855, 0.9904621262272887]], "hyperbolic_axes": [9.201212592494402, 22.725075704840975, 1.0], "max_angular_error": 12.40527349177553, "min_angular_error": 5.039265095351092, "strike": 197.64976401247202, "dip": 7.919708700938344, "rake": 135.5697148356589, "disabled": false, "sol": 1802.0, "id": 5294.0, "n": 200.0, "L": 0.780013679367248}, {"uid": "7275772a", "axes": [[-0.23982202982184977, 0.9691298219463471, -0.05720823565160135], [0.9625715651756509, 0.24503581588661144, 0.1158163669266143], [-0.12625916175638613, 0.027291704729166616, 0.9916217963142756]], "hyperbolic_axes": [7.208926806903479, 17.857001383616996, 1.0], "max_angular_error": 15.79498978986376, "min_angular_error": 6.410482543295106, "strike": 192.19718536864872, "dip": 7.421928592018594, "rake": 63.71263617146747, "disabled": false, "sol": 1802.0, "id": 5294.0, "n": 88.0, "L": 0.4008198348385379}, {"uid": "a3baea5f", "axes": [[-0.20586195349214567, 0.9764719519350628, -0.06421357479946238], [0.9680076835060007, 0.2128188074470516, 0.1329258434999047], [-0.14346421427570025, 0.03479485997878526, 0.9890436476421618]], "hyperbolic_axes": [7.0213364127715385, 19.366097450796186, 1.0], "max_angular_error": 16.21145088762206, "min_angular_error": 5.911871258456686, "strike": 193.632900431626, "dip": 8.48922311927101, "rake": 64.21582534772008, "disabled": false, "sol": 1802.0, "id": 5294.0, "n": 86.0, "L": 0.328739243170019}, {"uid": "44506f92", "axes": [[0.7375551540157621, 0.6729058835445283, 0.05665745031276209], [0.6656411713012386, -0.7385868466324824, 0.10682369142751574], [-0.11372873802826004, 0.04107483259422493, 0.9926623959201113]], "hyperbolic_axes": [6.146587191831113, 17.810708828652885, 1.0], "max_angular_error": 18.48119714963319, "min_angular_error": 6.4271094198738, "strike": 199.8579425936482, "dip": 6.94513484343492, "rake": 117.9407107137265, "disabled": false, "sol": 1802.0, "id": 5294.0, "n": 140.0, "L": 0.3786047807410745}, {"uid": "f9127120", "axes": [[-0.05814993910978805, 0.9981949773468161, -0.015012387588817427], [0.997318061865152, 0.05875519019279801, 0.04364070465683122], [-0.0444439878843536, 0.01243442097554489, 0.9989344909031513]], "hyperbolic_axes": [7.434213627861059, 15.49124357508142, 1.0], "max_angular_error": 15.32210933890056, "min_angular_error": 7.386933536463036, "strike": 195.6304160859524, "dip": 2.64517726159616, "rake": 71.01680033101175, "disabled": false, "sol": 1802.0, "id": 5294.0, "n": 61.0, "L": 0.2235286782495587}, {"uid": "9fa4bcc6", "axes": [[0.8923449223101598, 0.45093186488101744, 0.019519038454869055], [0.45042871202182083, -0.8924500976210008, 0.025432236288415268], [-0.028887973512145747, 0.013902391563828501, 0.9994859721352609]], "hyperbolic_axes": [8.740619942632256, 16.275008795686347, 1.0], "max_angular_error": 13.05347636732107, "min_angular_error": 7.032111527153475, "strike": 205.69927338446388, "dip": 1.837170936335994, "rake": 127.5059510692352, "disabled": false, "sol": 1802.0, "id": 5294.0, "n": 107.0, "L": 0.3053375509170105}, {"uid": "8b09ce3c", "axes": [[0.8155075108592762, 0.575882588227367, 0.05750429817549872], [0.5750348554585731, -0.8175027173501678, 0.03200347063725648], [-0.0654401615206263, -0.006967905111347622, 0.9978321670293626]], "hyperbolic_axes": [16.260382833355315, 22.82600176033089, 1.0], "max_angular_error": 7.038420912939276, "min_angular_error": 5.017012313774767, "strike": 173.92218830990862, "dip": 3.773366822132061, "rake": 150.9022906492739, "disabled": false, "sol": 1809.0, "id": 8541.0, "n": 158.0, "L": 0.06277618975375611}, {"uid": "64bc42d3", "axes": [[0.052428057453809664, 0.9985856978433917, 0.008826259357528513], [0.9982120503626745, -0.05265840591889112, 0.02828064350093213], [-0.028705422873832473, -0.007327779248013709, 0.9995610548380357]], "hyperbolic_axes": [12.475840280518328, 22.42325319222631, 1.0], "max_angular_error": 9.165482119142391, "min_angular_error": 5.107005659196252, "strike": 165.6796502480989, "dip": 1.69769101740542, "rake": 107.3329039055549, "disabled": false, "sol": 1809.0, "id": 8541.0, "n": 123.0, "L": 0.05866591855581993}, {"uid": "4a58e4b0", "axes": [[0.6953861228059207, 0.7180431192151087, 0.029192792891158656], [0.7174364834253445, -0.6959984923895167, 0.02951255396937359], [-0.04150942614905903, -0.0004213541943341147, 0.9991380234989652]], "hyperbolic_axes": [15.60831030197173, 17.440470020756702, 1.0], "max_angular_error": 7.331681097532698, "min_angular_error": 6.563253605353685, "strike": 179.41842154603592, "dip": 2.379121076107282, "rake": 134.6879197546391, "disabled": false, "sol": 1809.0, "id": 8541.0, "n": 108.0, "L": 0.04280245320070679}, {"uid": "08297a0b", "axes": [[-0.3201961151948036, 0.947333193892789, 0.0058538502751185025], [0.9472344274165777, 0.32005345778391414, 0.01768399494877973], [-0.014879090393710274, -0.01120731499725799, 0.9998264893268272]], "hyperbolic_axes": [11.534531265350132, 14.504864401338097, 1.0], "max_angular_error": 9.90987369697432, "min_angular_error": 7.88773466740288, "strike": 143.011996998456, "dip": 1.067350375885496, "rake": 108.3158515997044, "disabled": false, "sol": 1809.0, "id": 8541.0, "n": 123.0, "L": 0.04498321909333814}, {"uid": "f56b8961", "axes": [[-0.22236584096452452, 0.9749412255220697, -0.006560453464850133], [0.9725043891861659, 0.22227760031149113, 0.06948295771919373], [-0.069200041804771, -0.009070566536312673, 0.9975615665395937]], "hyperbolic_axes": [11.585904860039458, 12.595380067962983, 1.0], "max_angular_error": 9.86614918519963, "min_angular_error": 9.078859976893956, "strike": 172.532387637537, "dip": 4.002039530776329, "rake": 84.6062277446806, "disabled": false, "sol": 1809.0, "id": 8541.0, "n": 96.0, "L": 0.0368449453792561}, {"uid": "ce3d5097", "axes": [[-0.969652139320875, -0.24434113253241665, -0.008493507121689892], [-0.24442065568829913, 0.9696167181363134, 0.010097672180599277], [-0.005768169844251637, -0.011867218011855722, 0.999912944887357]], "hyperbolic_axes": [10.546291063065844, 13.20891605499387, 1.0], "max_angular_error": 10.83318999710837, "min_angular_error": 8.658801563041031, "strike": 115.92249313476259, "dip": 0.7560280724812333, "rake": 49.93162884977483, "disabled": false, "sol": 1809.0, "id": 8541.0, "n": 95.0, "L": 0.03683924537772842}, {"uid": "0f7db6a6", "axes": [[0.30629392009395456, -0.9519153163223203, -0.0064237889485352995], [-0.95190606334823, -0.3063313906450094, 0.0059938023299372645], [0.007673400442690548, -0.004278978437875339, 0.9999614038897573]], "hyperbolic_axes": [13.779152360252793, 17.940070744257632, 1.0], "max_angular_error": 8.30174517906622, "min_angular_error": 6.380861029341416, "strike": 29.145691319499903, "dip": 0.5033972007132426, "rake": 43.01679904733781, "disabled": false, "sol": 1809.0, "id": 8500.0, "n": 92.0, "L": 0.03731782415950551}, {"uid": "8b9b8358", "axes": [[0.22503794956653686, -0.9743450653060022, -0.0031008013046937627], [-0.9741156596227369, -0.22505247988769156, 0.021214687698863935], [0.021368269294656295, 0.001753570712165953, 0.9997701346095054]], "hyperbolic_axes": [9.911096443576119, 17.15843227574089, 1.0], "max_angular_error": 11.52294929878905, "min_angular_error": 6.670893953208977, "strike": -4.691421745683101, "dip": 1.22852144863359, "rake": 81.68436362747815, "disabled": false, "sol": 1809.0, "id": 8500.0, "n": 70.0, "L": 0.028802951237686}, {"uid": "9caf421e", "axes": [[0.25448876410242266, 0.9668230782119617, 0.02210439735366153], [0.9647549861304549, -0.2553942712430181, 0.06341595187863645], [-0.06695734225644934, -0.005186680344380912, 0.9977423578584593]], "hyperbolic_axes": [10.282901695219884, 16.316315836412812, 1.0], "max_angular_error": 11.10896078124959, "min_angular_error": 7.014353243862618, "strike": 175.5705734183419, "dip": 3.850764171953522, "rake": 109.2166185881588, "disabled": false, "sol": 1809.0, "id": 8500.0, "n": 57.0, "L": 0.02978674201721812}, {"uid": "310ba85a", "axes": [[-0.9304251148689087, -0.36636305299790467, 0.009339112336434273], [-0.3662273032116363, 0.9304264012106527, 0.013574767494350966], [0.013662649944657717, -0.009210066679887451, 0.9998642441192913]], "hyperbolic_axes": [11.214233634908421, 17.157768524702703, 1.0], "max_angular_error": 10.19144691922865, "min_angular_error": 6.671151435134843, "strike": 33.984124116698595, "dip": 0.9441084165574605, "rake": 124.5270328693141, "disabled": false, "sol": 1809.0, "id": 8500.0, "n": 68.0, "L": 0.03330510471385727}, {"uid": "b77318e3", "axes": [[0.15705635114581437, -0.98758424966055, -0.0032637994992422738], [-0.9875593608207965, -0.15707655765213416, 0.007311900667786163], [0.007733784324795746, -0.0020748153084958073, 0.9999679413468481]], "hyperbolic_axes": [12.3163861890906, 17.484007967959272, 1.0], "max_angular_error": 9.283627789361102, "min_angular_error": 6.54694565139518, "strike": 15.017652681191194, "dip": 0.4587873417313517, "rake": 65.94553770203711, "disabled": false, "sol": 1809.0, "id": 8500.0, "n": 76.0, "L": 0.03154314505561796}, {"uid": "b75bf3bd", "axes": [[-0.5845230011981638, -0.8113392428962016, 0.007841811455883191], [-0.8112664948284835, 0.5845756005963733, 0.010864693097169595], [0.013399083513343615, 1.113587666565018e-05, 0.9999102281890083]], "hyperbolic_axes": [30.38462428812743, 33.666490976474805, 1.0], "max_angular_error": 3.770005881168993, "min_angular_error": 3.402726957416367, "strike": -0.04761807675754426, "dip": 0.7677341735589778, "rake": 125.8206276009891, "disabled": false, "sol": 1809.0, "id": 8500.0, "n": 115.0, "L": 0.05631527323916469}, {"uid": "9e051adf", "axes": [[0.13933099860909046, 0.9902277678727618, 0.005986698616221817], [0.9899041946022564, -0.13943918026587498, 0.025424407871945748], [-0.02601073500406826, -0.0023838499341744886, 0.9996588212605535]], "hyperbolic_axes": [9.944932442616578, 18.867114625731883, 1.0], "max_angular_error": 11.48400677335725, "min_angular_error": 6.067935489568638, "strike": 174.76354502235932, "dip": 1.49672136764741, "rake": 103.2500965975548, "disabled": false, "sol": 1809.0, "id": 8500.0, "n": 83.0, "L": 0.03586572179672628}, {"uid": "6cd049ac", "axes": [[-0.34867528351421423, 0.9371840020615662, 0.010568488356837616], [0.937029318540353, 0.34833230192321546, 0.025311334075379655], [-0.020040031489095632, -0.018728420027865192, 0.9996237509289062]], "hyperbolic_axes": [21.249131407515026, 37.04964949519633, 1.0], "max_angular_error": 5.388788521546992, "min_angular_error": 3.092168102812983, "strike": 136.9376876219441, "dip": 1.571769895200726, "rake": 112.6624762149414, "disabled": false, "sol": 1809.0, "id": 8414.0, "n": 189.0, "L": 0.09635792650321667}, {"uid": "7701524c", "axes": [[0.8300659527134792, 0.5559638311101703, 0.04352852677458957], [0.5561283840467643, -0.8310437852672458, 0.00935133285807073], [-0.04137311449962099, -0.016445226237113468, 0.9990084183482196]], "hyperbolic_axes": [23.260453660234987, 57.328447394948746, 1.0], "max_angular_error": 4.923422408758243, "min_angular_error": 1.998657631292764, "strike": 158.3228808747268, "dip": 2.551747889798049, "rake": 167.8753049549844, "disabled": false, "sol": 1809.0, "id": 8414.0, "n": 326.0, "L": 0.1450057240249398}, {"uid": "b853e892", "axes": [[-0.9256873212549462, 0.3777318363940748, -0.02053394852924315], [0.37761495014449775, 0.9259145072902134, 0.009448524587989972], [-0.022581689379012806, -0.0009924534655281236, 0.9997445085325092]], "hyperbolic_axes": [19.032343020750236, 20.366907508445763, 1.0], "max_angular_error": 6.015354134728774, "min_angular_error": 5.621845563739174, "strike": 177.4834998067018, "dip": 1.295194756760653, "rake": 24.70912755396826, "disabled": false, "sol": 1809.0, "id": 8414.0, "n": 100.0, "L": 0.04361696917483789}, {"uid": "91e1390e", "axes": [[-0.5419846040263776, 0.8403175491556718, 0.010913550264489355], [0.8403485117934092, 0.5417866179645453, 0.016782113131012293], [-0.00818948868812176, -0.0182668326631838, 0.9997996074711584]], "hyperbolic_axes": [15.807046078157834, 19.661866938661728, 1.0], "max_angular_error": 7.239749401037744, "min_angular_error": 5.823094357234652, "strike": 114.14791477948361, "dip": 1.147058707056232, "rake": 123.0362903117677, "disabled": false, "sol": 1809.0, "id": 8414.0, "n": 119.0, "L": 0.05516493451458794}, {"uid": "3133bb06", "axes": [[-0.09842762852164084, 0.9951298732847713, -0.005342025818071611], [0.9830102305655071, 0.0980618104260159, 0.1551604586855841], [-0.15492865631365488, -0.010020809957642604, 0.9878748376290583]], "hyperbolic_axes": [10.565232507321877, 19.1497764720609, 1.0], "max_angular_error": 10.81388336084342, "min_angular_error": 5.978532886223078, "strike": 176.29925490504752, "dip": 8.931434441822185, "rake": 88.02814012341561, "disabled": false, "sol": 1809.0, "id": 8414.0, "n": 66.0, "L": 0.03154694913932628}, {"uid": "706e1101", "axes": [[-0.9791936998823568, 0.20190352792851415, -0.02036328855368466], [0.20179354511812006, 0.9794005776511644, 0.007339866839848697], [-0.021425761581847072, -0.0030779711800440115, 0.9997657039697114]], "hyperbolic_axes": [17.288191932105978, 22.761222170967994, 1.0], "max_angular_error": 6.620936129043109, "min_angular_error": 5.031272667125202, "strike": 171.82496317609417, "dip": 1.240305230683508, "rake": 19.82149755795295, "disabled": false, "sol": 1809.0, "id": 8414.0, "n": 151.0, "L": 0.05972679465699492}, {"uid": "eb654eca", "axes": [[-0.07685426878578781, -0.9940411774935918, -0.07730173876799823], [-0.9733488849094876, 0.058000414935165, 0.22187361292593102], [0.21606797452389603, -0.09229349551567892, 0.9720064511466159]], "hyperbolic_axes": [4.438696629375427, 15.142676386158007, 1.0], "max_angular_error": 25.39254359845251, "min_angular_error": 7.556485353044368, "strike": 23.129764289508202, "dip": 13.58892088345069, "rake": 70.7914394652341, "disabled": false, "sol": 1812.0, "id": 3768.0, "n": 204.0, "L": 0.04926398278660801}, {"uid": "f9cd4113", "axes": [[-0.20288478144532954, -0.977913825881569, -0.050222650343776695], [-0.9611201866415201, 0.18906496461352035, 0.2012521452950452], [0.18731191176230774, -0.0891010005856314, 0.9782511228751996]], "hyperbolic_axes": [4.796472810157151, 15.458768228727376, 1.0], "max_angular_error": 23.5534027822874, "min_angular_error": 7.402408709048451, "strike": 25.4396158529983, "dip": 11.97143813574416, "rake": 75.98797798087418, "disabled": false, "sol": 1812.0, "id": 3768.0, "n": 200.0, "L": 0.04588191364797163}, {"uid": "12849fdc", "axes": [[-0.14471727132867918, -0.9875603518125299, -0.0614936005377288], [-0.976182991188805, 0.13234581233843526, 0.17190507168247512], [0.16162821255232232, -0.08490663981333842, 0.98319234304522]], "hyperbolic_axes": [4.37076721214345, 13.069937291891728, 1.0], "max_angular_error": 25.77410803841292, "min_angular_error": 8.7505190062231, "strike": 27.7138737679697, "dip": 10.51965241949637, "rake": 70.31693740195884, "disabled": false, "sol": 1812.0, "id": 3768.0, "n": 171.0, "L": 0.03704983130865539}, {"uid": "b4c10a81", "axes": [[-0.9523246692572694, -0.30436478435809683, 0.02097146553490363], [-0.28671169327475166, 0.9163464590284522, 0.2794737411019895], [0.10427909312780374, -0.26013697366707844, 0.9599242812158554]], "hyperbolic_axes": [7.09893249234421, 13.901703715423121, 1.0], "max_angular_error": 16.0365659450882, "min_angular_error": 8.228813059750461, "strike": 68.15601403566339, "dip": 16.27569169930324, "rake": 94.2913825911932, "disabled": false, "sol": 1812.0, "id": 3768.0, "n": 203.0, "L": 0.06477545831561825}, {"uid": "38bf9e40", "axes": [[-0.8436910950946857, -0.5368084551162265, 0.004692395300959121], [-0.5307508149950309, 0.8354183108604006, 0.14275790087160004], [0.0805537611787356, -0.11795307708951594, 0.9897465146011245]], "hyperbolic_axes": [4.537949980068332, 14.99870451245686, 1.0], "max_angular_error": 24.85460022163417, "min_angular_error": 7.628806592044462, "strike": 55.669636972624204, "dip": 8.211928785079664, "rake": 91.88261163285584, "disabled": false, "sol": 1812.0, "id": 3768.0, "n": 203.0, "L": 0.04768783912067121}, {"uid": "ff2405c1", "axes": [[-0.8781777478710721, 0.44914744127749745, 0.16453090633060077], [0.4778129834504368, 0.8397509497715243, 0.2579013284262326], [0.022329263093181777, -0.30509821099393536, 0.9520590767688818]], "hyperbolic_axes": [5.684733950094286, 11.990913132097532, 1.0], "max_angular_error": 19.95362475573085, "min_angular_error": 9.534470015978057, "strike": 85.81414920283899, "dip": 17.81317444634533, "rake": 122.5362743197282, "disabled": false, "sol": 1812.0, "id": 3768.0, "n": 136.0, "L": 0.05190346809223076}, {"uid": "0b11a61a", "axes": [[-0.8065743636559888, 0.5489229655059804, 0.21936584472760778], [0.5906510776767486, 0.7633469016377485, 0.26159665938108767], [0.023855823864042395, -0.34056583166866505, 0.9399179825748618]], "hyperbolic_axes": [6.209040442676238, 13.02355884153385, 1.0], "max_angular_error": 18.29846467399701, "min_angular_error": 8.78155900680242, "strike": 85.99311229855351, "dip": 19.96221278294431, "rake": 129.9820250150322, "disabled": false, "sol": 1812.0, "id": 3768.0, "n": 138.0, "L": 0.05922465702729376}, {"uid": "7b94d6d7", "axes": [[-0.6258980517223525, -0.779781965008365, 0.01384615101232009], [-0.7286397022382347, 0.5909944501403163, 0.3461354420245371], [0.2780931735450185, -0.20655664344445057, 0.9380823737159878]], "hyperbolic_axes": [5.059733472864461, 11.910536907902548, 1.0], "max_angular_error": 22.35958788092924, "min_angular_error": 9.598512223576327, "strike": 36.603508969026606, "dip": 20.26802977656524, "rake": 92.29073123701093, "disabled": false, "sol": 1812.0, "id": 3768.0, "n": 119.0, "L": 0.03664382621943014}, {"uid": "af60dd06", "axes": [[-0.6394048277513759, -0.7684386247042673, 0.02575939267233998], [-0.7065604254004499, 0.6004690743837066, 0.37444526431337066], [0.30320592261063883, -0.22122154228598345, 0.9268911466415256]], "hyperbolic_axes": [5.732141904940655, 10.69629727245382, 1.0], "max_angular_error": 19.79187295142007, "min_angular_error": 10.68214879086585, "strike": 36.114798787377694, "dip": 22.0447262402773, "rake": 93.93537574613778, "disabled": false, "sol": 1812.0, "id": 3768.0, "n": 143.0, "L": 0.04130145275896076}, {"uid": "4dfca24a", "axes": [[-0.9168318163825443, -0.39425918588286246, 0.06308022523475317], [-0.36468438253912405, 0.891211077894567, 0.2697185862525271], [0.1625568257586944, -0.22428220835587157, 0.9608708390903904]], "hyperbolic_axes": [5.641941220340971, 23.45309255786992, 1.0], "max_angular_error": 20.10189351115321, "min_angular_error": 4.883031564785079, "strike": 54.065888817646595, "dip": 16.08104618060038, "rake": 103.1634094196229, "disabled": false, "sol": 1812.0, "id": 3768.0, "n": 338.0, "L": 0.07369267263439229}, {"uid": "97b54929", "axes": [[-0.8444326824173461, 0.5296196110714156, -0.08022787815970032], [0.5186012775687636, 0.8458150605902093, 0.1250983540372412], [-0.13411248923754884, -0.06403085855541081, 0.9888952873702883]], "hyperbolic_axes": [2.7324851215517696, 6.787151246666849, 1.0], "max_angular_error": 40.20193956998563, "min_angular_error": 16.76299762588805, "strike": 154.4782574697091, "dip": 8.546612349796561, "rake": 57.32719959643644, "disabled": false, "sol": 1812.0, "id": 4036.0, "n": 107.0, "L": 0.02568384706387355}, {"uid": "25f66d42", "axes": [[-0.3028485779588645, 0.9482941213635676, 0.0949789356415039], [0.9198723904093473, 0.26479171903932586, 0.28934431200697924], [-0.24923387448516512, -0.17499601399888542, 0.9525013757961794]], "hyperbolic_axes": [2.8439762314682855, 8.375442088155742, 1.0], "max_angular_error": 38.74542682173038, "min_angular_error": 13.61738829162028, "strike": 144.9259349297403, "dip": 17.73014741713184, "rake": 108.1727197854614, "disabled": false, "sol": 1812.0, "id": 4036.0, "n": 141.0, "L": 0.03271330004752426}, {"uid": "e0fe5fd2", "axes": [[-0.6016129518332414, 0.7930663160861332, 0.09543413684873792], [0.7482968704507962, 0.5177459089901305, 0.41471793715431204], [-0.2794881927023724, -0.3209127482876819, 0.9049316869943325]], "hyperbolic_axes": [3.6261758693095123, 17.133933615661288, 1.0], "max_angular_error": 30.83479660223474, "min_angular_error": 6.680410634948264, "strike": 131.053142727797, "dip": 25.18591598203364, "rake": 102.9591953536751, "disabled": false, "sol": 1812.0, "id": 4036.0, "n": 289.0, "L": 0.0819153221320572}, {"uid": "bc73e5f7", "axes": [[-0.5215922393619965, 0.8470743846581965, 0.10201236539398276], [0.8025235235461758, 0.44650419391577134, 0.39571454227846853], [-0.2896507034211521, -0.28826895717639284, 0.9126902422706549]], "hyperbolic_axes": [2.8450749794082872, 7.712891782067186, 1.0], "max_angular_error": 38.73157766000232, "min_angular_error": 14.77472653916015, "strike": 135.1369880326434, "dip": 24.12018859739697, "rake": 104.4556977678133, "disabled": false, "sol": 1812.0, "id": 4036.0, "n": 127.0, "L": 0.03076767784542709}, {"uid": "c45df2da", "axes": [[-0.67458248968456, 0.737949517332507, 0.01920870843395353], [0.6978914236750948, 0.6290513705364887, 0.3424060951369213], [-0.24059514827138523, -0.2443867490165643, 0.9393556789275216]], "hyperbolic_axes": [2.759196843694683, 6.595823794414496, 1.0], "max_angular_error": 39.84349461540366, "min_angular_error": 17.24204264540689, "strike": 134.5520692718509, "dip": 20.05636888252837, "rake": 93.21088194278913, "disabled": false, "sol": 1812.0, "id": 4036.0, "n": 109.0, "L": 0.0248913639642469}, {"uid": "29b80030", "axes": [[-0.5098346556134569, 0.8601845532658458, 0.012294643481826073], [0.7815191880096517, 0.45714117074497346, 0.42455825134208575], [-0.35957806205084664, -0.2260630096516286, 0.9053171449602648]], "hyperbolic_axes": [2.6491949174737353, 5.2209765214277795, 1.0], "max_angular_error": 41.36035219574148, "min_angular_error": 21.68566119321639, "strike": 147.8428494337061, "dip": 25.13396892215378, "rake": 91.65874615747889, "disabled": false, "sol": 1812.0, "id": 4036.0, "n": 84.0, "L": 0.01961147623203462}, {"uid": "9b4ea448", "axes": [[-0.27376578484595204, 0.9506966013389243, 0.1456992355858402], [0.9119972173021508, 0.20848203399036846, 0.353265222087276], [-0.30547237302383584, -0.22958922820083943, 0.9241079025813648]], "hyperbolic_axes": [3.01286618124388, 6.393747998885002, 1.0], "max_angular_error": 36.72302904125456, "min_angular_error": 17.77840863425536, "strike": 143.0719328629827, "dip": 22.46578351709158, "rake": 112.4130054446198, "disabled": false, "sol": 1812.0, "id": 4036.0, "n": 100.0, "L": 0.02383358974220668}, {"uid": "08040ff2", "axes": [[-0.9665970122223264, 0.24445302367248692, -0.07702554887990334], [0.21892543964056957, 0.9437453384579468, 0.24782329998827526], [-0.13327365771620123, -0.22268240917565527, 0.9657384101311653]], "hyperbolic_axes": [3.1825048132930456, 8.973020369420544, 1.0], "max_angular_error": 34.88730502394741, "min_angular_error": 12.71819836865509, "strike": 120.9001866291031, "dip": 15.04143313790021, "rake": 72.73431951725969, "disabled": false, "sol": 1812.0, "id": 4036.0, "n": 121.0, "L": 0.03546843667262134}, {"uid": "9649c89a", "axes": [[-0.9753491614179277, 0.194892220354791, -0.10349413397156815], [0.1300026841511483, 0.8864673612852324, 0.4441564133157306], [-0.1783068014261993, -0.4197530700556898, 0.8899517092202145]], "hyperbolic_axes": [3.562854404817647, 8.26153721784572, 1.0], "max_angular_error": 31.35608229268456, "min_angular_error": 13.80333752204089, "strike": 113.01528776464579, "dip": 27.13282068626799, "rake": 76.88339533294952, "disabled": false, "sol": 1812.0, "id": 4036.0, "n": 113.0, "L": 0.03765780131658544}, {"uid": "1c43c7d8", "axes": [[0.5124223646031802, 0.8549294893224453, 0.08073963426563478], [0.8524734766100817, -0.5177655668135576, 0.07216501575248305], [-0.10350020256408224, -0.03184942870913905, 0.9941193700758956]], "hyperbolic_axes": [4.10850230451065, 16.4171399038494, 1.0], "max_angular_error": 27.35932408553223, "min_angular_error": 6.971381900303345, "strike": 162.8956464529561, "dip": 6.216738675690774, "rake": 138.2096827962245, "disabled": false, "sol": 1812.0, "id": 4036.0, "n": 267.0, "L": 0.06891632607737011}, {"uid": "2a0b7e05", "axes": [[-0.46554607709015694, 0.8812422483961531, 0.08172484168022996], [0.8635260579144389, 0.43206779875604623, 0.2600772281089866], [-0.1938803688069392, -0.19164946365643123, 0.9621231135730435]], "hyperbolic_axes": [2.8781639685168856, 7.993032073665713, 1.0], "max_angular_error": 38.31892441156158, "min_angular_error": 14.26232732677765, "strike": 135.3315437929745, "dip": 15.8199532581915, "rake": 107.4444383981205, "disabled": false, "sol": 1812.0, "id": 4036.0, "n": 127.0, "L": 0.02950271173977074}, {"uid": "ac80f224", "axes": [[0.40292826547635535, 0.8956355442343781, -0.18837670977115262], [0.9134609322273123, -0.406335090141189, 0.021929884048061243], [0.0569028837109797, 0.18091093505905387, 0.981851972245019]], "hyperbolic_axes": [8.321858253100691, 13.116789282362586, 1.0], "max_angular_error": 13.704238643334, "min_angular_error": 8.719383660143349, "strike": -72.53979538568825, "dip": 10.93229501562132, "rake": 6.640201640274986, "disabled": false, "sol": 1828.0, "id": 1279.0, "n": 193.0, "L": 0.1122098926120091}, {"uid": "7494b30f", "axes": [[0.776928094001248, 0.6092176344617641, -0.15886034940286559], [0.6246788364104917, -0.7773781025376336, 0.07388935671544587], [0.07847985787717977, 0.1566434152966559, 0.9845322505391976]], "hyperbolic_axes": [7.696990481687008, 10.286727817759042, 1.0], "max_angular_error": 14.80491162861225, "min_angular_error": 11.10485465671594, "strike": -63.38868997070182, "dip": 10.09049764757248, "rake": 24.9441490351672, "disabled": false, "sol": 1828.0, "id": 1279.0, "n": 99.0, "L": 0.06962047112738652}, {"uid": "f8efb440", "axes": [[-0.9631642280608501, -0.26031594217153375, 0.06745576354392083], [-0.25935785555008534, 0.9655134071039173, 0.022745625228738627], [0.07105049294978692, -0.004412590387954512, 0.9974629599627549]], "hyperbolic_axes": [6.5156307414220676, 10.700938061477352, 1.0], "max_angular_error": 17.45100768886584, "min_angular_error": 10.67754292442344, "strike": 3.5537896675304523, "dip": 4.082189412312873, "rake": 161.3662431731217, "disabled": false, "sol": 1828.0, "id": 1279.0, "n": 46.0, "L": 0.06964373625819188}, {"uid": "5808199e", "axes": [[0.9298819879807537, 0.3571236001452422, -0.08821690681645121], [0.3653889381085164, -0.9244264829643682, 0.1092089808672317], [0.042548940490828746, 0.1337849461390545, 0.9900965487515235]], "hyperbolic_axes": [7.416082716853887, 10.099075845926679, 1.0], "max_angular_error": 15.35912248253507, "min_angular_error": 11.30986979645854, "strike": -72.35726390922741, "dip": 8.07030567598639, "rake": 51.06939160042017, "disabled": false, "sol": 1828.0, "id": 1279.0, "n": 104.0, "L": 0.06142458791070217}, {"uid": "9ff59417", "axes": [[0.97865216273174, 0.1936256606556682, 0.0689133362720434], [0.19371465627552067, -0.9810427598296432, 0.005453011085072168], [-0.06866277247930348, -0.008012922156932242, 0.9976077469396286]], "hyperbolic_axes": [12.957206979218988, 52.12558686151184, 1.0], "max_angular_error": 8.82635081889307, "min_angular_error": 2.198104824077325, "strike": 173.3437100048847, "dip": 3.963946699444108, "rake": 175.475696115034, "disabled": false, "sol": 1829.0, "id": 2421.0, "n": 278.0, "L": 0.1317151851534208}, {"uid": "e3d6ce4f", "axes": [[-0.9233391864385841, -0.38242538099055523, -0.03457708433575793], [-0.3827451433007351, 0.9238494310510676, 0.002895518315992741], [-0.030836699995836096, -0.015907756625218025, 0.99939783930751]], "hyperbolic_axes": [14.679097727262436, 17.80681903512971, 1.0], "max_angular_error": 7.794401549210873, "min_angular_error": 6.428510440164162, "strike": 152.7121071503465, "dip": 1.988454357765705, "rake": 4.786835254877652, "disabled": false, "sol": 1829.0, "id": 2421.0, "n": 70.0, "L": 0.03090711892105242}, {"uid": "b3bb30d2", "axes": [[-0.9969040688310906, -0.07795212682554865, -0.010283164463811318], [-0.0779877362946233, 0.996949473889066, 0.0031079736091056067], [-0.010009522249163974, -0.0039003122552149945, 0.9999422968495009]], "hyperbolic_axes": [19.48902747589123, 42.86688559741673, 1.0], "max_angular_error": 5.874646734656926, "min_angular_error": 2.672710588142751, "strike": 158.7111180501486, "dip": 0.6155161909653644, "rake": 16.81686582829933, "disabled": false, "sol": 1829.0, "id": 2421.0, "n": 138.0, "L": 0.06809889866950816}, {"uid": "f7390860", "axes": [[0.9560171242139229, 0.2906273380283045, 0.03958545945574225], [0.2907705665416627, -0.95679023965548, 0.002216964828214928], [-0.038519291826058406, -0.009390830133204728, 0.9992137291223676]], "hyperbolic_axes": [17.57802913044628, 44.504699401679005, 1.0], "max_angular_error": 6.512002968357675, "min_angular_error": 2.574386107690932, "strike": 166.29882209168682, "dip": 2.272229456423759, "rake": 176.7945256529663, "disabled": false, "sol": 1829.0, "id": 2421.0, "n": 199.0, "L": 0.09484497878116674}, {"uid": "f3e9a4c3", "axes": [[0.9994453100059792, -0.011680139739096186, 0.031187283349581058], [-0.011699990625441765, -0.999931449663244, 0.00045408559537683975], [-0.03117984166759742, 0.0008187246414642274, 0.9995134552188604]], "hyperbolic_axes": [18.228454759543396, 29.140854998983865, 1.0], "max_angular_error": 6.28011598704514, "min_angular_error": 3.930790981404615, "strike": 181.50413495667942, "dip": 1.787378994358483, "rake": 179.1658346893296, "disabled": false, "sol": 1829.0, "id": 2421.0, "n": 83.0, "L": 0.05129697846852226}, {"uid": "5675cae7", "axes": [[0.32364857480911946, 0.9459198770867774, 0.022072293858177317], [0.9459387116438741, -0.32400280009917687, 0.014904339684149953], [-0.021249796176752066, -0.016055268917983093, 0.9996452743360605]], "hyperbolic_axes": [13.860331023676988, 22.351407361317165, 1.0], "max_angular_error": 8.253291100592353, "min_angular_error": 5.123399663367583, "strike": 142.9271543484851, "dip": 1.526148429667664, "rake": 145.9707692786074, "disabled": false, "sol": 1829.0, "id": 2421.0, "n": 60.0, "L": 0.05042410138019423}, {"uid": "c5869b59", "axes": [[-0.9586690554948702, -0.28305004233942416, -0.028919121152336986], [-0.2831852563973166, 0.9590650356224927, 0.0006066346618181228], [-0.027563609991425063, -0.008771030616585266, 0.9995815706715303]], "hyperbolic_axes": [23.15537071453031, 38.68656646074667, 1.0], "max_angular_error": 4.945738049271297, "min_angular_error": 2.96139094139487, "strike": 162.3483825795896, "dip": 1.657539297397628, "rake": 1.201713870836561, "disabled": false, "sol": 1829.0, "id": 2247.0, "n": 209.0, "L": 0.0955221963734065}, {"uid": "69719c74", "axes": [[0.9335663830138052, -0.358342797047032, -0.0066519403959204235], [-0.3583125933045167, -0.9335865007595464, 0.005322694706397118], [0.008117511066406197, 0.002585614831168577, 0.9999637096465209]], "hyperbolic_axes": [24.042736678909534, 61.426544616193155, 1.0], "max_angular_error": 4.763415664443208, "min_angular_error": 1.865340759752506, "strike": -17.667879097669186, "dip": 0.4881289244095797, "rake": 38.66580766096217, "disabled": false, "sol": 1829.0, "id": 2247.0, "n": 158.0, "L": 0.08931953873593201}, {"uid": "dba7a1d0", "axes": [[0.8506691027879609, 0.5178366541867112, -0.09059402376888856], [0.5226361431839931, -0.8516393392061529, 0.03952085214501191], [0.056688088693182107, 0.08096687901370385, 0.995103424324876]], "hyperbolic_axes": [25.911924379472026, 178.98501498527452, 1.0], "max_angular_error": 4.420154931088305, "min_angular_error": 0.6402232428432509, "strike": -55.00262609146074, "dip": 5.672326721575944, "rake": 23.56881640812026, "disabled": false, "sol": 1866.0, "id": 7944.0, "n": 205.0, "L": 0.1844956368047721}, {"uid": "68e393b3", "axes": [[0.9015909524886679, 0.42570650075104177, -0.07686175647797769], [0.42719820816517573, -0.9041519293317786, 0.0033135518836515613], [0.0680841048339465, 0.035822673042722256, 0.9970362534858171]], "hyperbolic_axes": [40.30999818996894, 98.53789673544038, 1.0], "max_angular_error": 2.842174779981217, "min_angular_error": 1.16287874160205, "strike": -27.75124742969001, "dip": 4.412304521208057, "rake": 2.468523528118649, "disabled": false, "sol": 1866.0, "id": 7944.0, "n": 55.0, "L": 0.06227013730513405}, {"uid": "25297106", "axes": [[0.7225455373556654, -0.6909072915329929, -0.023980428560737045], [-0.6839370700237755, -0.7194525836615624, 0.12090518644787682], [0.10078705618632786, 0.07095839886332307, 0.9923743622928031]], "hyperbolic_axes": [44.138965990587096, 177.22851781387067, 1.0], "max_angular_error": 2.595710084684703, "min_angular_error": 0.6465683084033516, "strike": -35.14718419455932, "dip": 7.08030688625297, "rake": 78.78150672576021, "disabled": false, "sol": 1866.0, "id": 7944.0, "n": 84.0, "L": 0.1461131068727152}, {"uid": "c1f8b628", "axes": [[0.9928868852420563, -0.10804191857107938, -0.05002576282085154], [-0.10042329867744636, -0.9856605759353352, 0.13560379835964678], [0.06395931673390703, 0.1296154808589761, 0.989499385004674]], "hyperbolic_axes": [27.658557716430757, 45.662689638878646, 1.0], "max_angular_error": 4.141274034974873, "min_angular_error": 2.509121690426011, "strike": -63.73576635103365, "dip": 8.310473358496013, "rake": 69.75041637413202, "disabled": false, "sol": 1866.0, "id": 7944.0, "n": 39.0, "L": 0.03567548177671073}, {"uid": "7b10b34f", "axes": [[0.9848268070609849, 0.1487797013286129, -0.0893351026564275], [0.1555746686166727, -0.9850020467735441, 0.07461561724425603], [0.07689396971725519, 0.08738173907915574, 0.9932027734036107]], "hyperbolic_axes": [25.806246550273805, 88.46027237423226, 1.0], "max_angular_error": 4.438237620060937, "min_angular_error": 1.295346204940284, "strike": -48.652947316839, "dip": 6.684205774100576, "rake": 39.86974302149312, "disabled": false, "sol": 1866.0, "id": 7944.0, "n": 169.0, "L": 0.1503709080906289}, {"uid": "b3a1c86e", "axes": [[0.9825788407611005, 0.17568929928733465, -0.060597787125415976], [0.17902499329177074, -0.9823140906021045, 0.05485507434542267], [0.04988861057850092, 0.06474795379381335, 0.9966538160334615]], "hyperbolic_axes": [23.791819399810155, 85.63753781495333, 1.0], "max_angular_error": 4.813593630018371, "min_angular_error": 1.338038831936588, "strike": -52.38557511926297, "dip": 4.688497772409249, "rake": 42.15241142763396, "disabled": false, "sol": 1866.0, "id": 7944.0, "n": 178.0, "L": 0.1640833324868873}, {"uid": "bbc37df5", "axes": [[0.8736335144960017, 0.46851653587045816, -0.13136490385681515], [0.47621307799748014, -0.8787070813580473, 0.03309032359146702], [0