[{"uid": "8b899c8b", "axes": [[-0.9997989121997141, 0.00028311856218589046, 0.02005130938738003], [0.007627260907809376, 0.9301195536227951, 0.36717766933676343], [0.01854616012313307, -0.3672567709551626, 0.9299346773468954]], "hyperbolic_axes": [0.0007624912493038999, 7.994921494892406e-06, 1.1735804937183616e-06], "max_angular_error": 20.963475336686237, "min_angular_error": 2.2466683998891717, "strike": 87.10906678396452, "dip": 21.575365329031722, "rake": 86.87422327741717, "disabled": false, "centered_array": null, "roi": 11, "index": 0, "color": "#ff0608", "stacked": false, "center": [83.1833179952028, -95.6447369117963, 14.355899216365923]}, {"uid": "b7d552a5", "axes": [[-0.9659611922045873, -0.2563332595053443, 0.03481716855314716], [0.23440635843123458, -0.9242604706212999, -0.30132414701430743], [-0.10941953336447796, 0.28290606659854084, -0.9528858920143806]], "hyperbolic_axes": [0.00048081668292973356, 2.6134941491183017e-05, 1.2302529285033881e-06], "max_angular_error": 12.24135980167699, "min_angular_error": 2.895743407365183, "strike": 68.8550329707208, "dip": 17.65766021652388, "rake": 83.4088611678577, "disabled": false, "centered_array": null, "roi": 2, "index": 1, "color": "#fe999a", "stacked": false, "center": [83.39445194717024, -95.49078930450708, 14.34663912887706]}, {"uid": "d4a49fba", "axes": [[-0.8374587993508739, -0.5459760887536005, -0.023934700731645678], [0.5350699758776882, -0.8102453388518351, -0.2391706750066262], [-0.11118848998004675, 0.21310232607410862, -0.9706825012936832]], "hyperbolic_axes": [0.0018462475825303487, 1.9315781793936982e-05, 1.2536856181936312e-06], "max_angular_error": 14.292858608323158, "min_angular_error": 1.4927040513667602, "strike": 62.44620197965567, "dip": 13.908102179859327, "rake": 95.71477550368806, "disabled": false, "centered_array": null, "roi": 10, "index": 2, "color": "#ecad15", "stacked": false, "center": [83.29948034421868, -95.53936110890315, 14.341802780232475]}, {"uid": "07dc91de", "axes": [[-0.9048090492391453, -0.4258154837793186, -0.001325967095813201], [-0.41981317278752917, 0.8915250905143708, 0.17011735048904128], [0.0712564689626331, -0.154480376608577, 0.9854229187886031]], "hyperbolic_axes": [0.006841270025947681, 6.290174691909184e-05, 1.6555298746301328e-06], "max_angular_error": 9.214938634749746, "min_angular_error": 0.8912257973690859, "strike": 65.237753611219, "dip": 9.794942585204875, "rake": 90.4465786686875, "disabled": false, "centered_array": null, "roi": 1, "index": 3, "color": "#c0ddc6", "stacked": false, "center": [83.24216105950808, -95.46974843257273, 14.307885726590602]}, {"uid": "39e7db69", "axes": [[-0.8941065616282562, -0.4467598742072392, 0.03129011427957874], [0.41542321332613713, -0.8534367011590286, -0.3147528410429086], [0.16732307158035373, -0.26842394064823544, 0.9486577769690125]], "hyperbolic_axes": [0.0012517520867562767, 4.05934275658004e-05, 1.2817716453032453e-06], "max_angular_error": 10.076051784844637, "min_angular_error": 1.8328234364979654, "strike": 58.062494640892794, "dip": 18.439572304615883, "rake": 84.32278230739196, "disabled": false, "centered_array": null, "roi": 9, "index": 4, "color": "#49bdee", "stacked": false, "center": [83.18454768265767, -95.39291811564209, 14.291967752809951]}, {"uid": "95ea2fef", "axes": [[-0.8639723968738766, -0.5028625827225515, 0.026094450322119822], [0.4721124923856949, -0.8269830439640976, -0.30530122752659], [0.175104231740343, -0.25145231733567414, 0.9518982299243675]], "hyperbolic_axes": [0.0004158932552598167, 2.5661135898603142e-05, 1.3693618162978976e-06], "max_angular_error": 13.007435571414177, "min_angular_error": 3.2840883301396144, "strike": 55.14774579600757, "dip": 17.8432754258667, "rake": 85.11473626465107, "disabled": false, "centered_array": null, "roi": 12, "index": 5, "color": "#6279a3", "stacked": false, "center": [83.1645959805168, -95.35558541556281, 14.280774340723667]}, {"uid": "17cde901", "axes": [[-0.8249338402479272, -0.5652097723202849, -0.0046981365943286925], [0.5576273828231811, -0.8124523516881875, -0.17021421257375513], [0.09238972420987401, -0.14303527365648624, 0.9853958845816425]], "hyperbolic_axes": [0.0003072111580152209, 1.4176343953741732e-05, 1.1103296857254433e-06], "max_angular_error": 15.634911510600572, "min_angular_error": 3.4403903479620914, "strike": 57.1406666316324, "dip": 9.804043283674588, "rake": 91.5810376114589, "disabled": false, "centered_array": null, "roi": 7, "index": 6, "color": "#2b3e62", "stacked": false, "center": [83.06923931630998, -95.3539836723919, 14.275228657081527]}, {"uid": "63657e23", "axes": [[-0.9010765844826376, -0.43365176104230574, 0.00267189857802712], [-0.42503048322749243, 0.884352089848141, 0.19305561247638048], [-0.08608180542082387, 0.17282225356166686, -0.9811841781487093]], "hyperbolic_axes": [0.0021749628927054884, 4.5228991644523055e-05, 2.1856627556752625e-06], "max_angular_error": 12.398021436750822, "min_angular_error": 1.8156948791480205, "strike": 63.522359336690016, "dip": 11.13223985578648, "rake": 89.20707439464974, "disabled": false, "centered_array": null, "color": "#888888", "stacked": true, "center": [8.837075885159641e-07, 9.281311177249221e-07, -4.119269242377558e-07]}]