[{"uid": "ca4448c6", "axes": [[-0.8249214025964727, -0.5652293226486889, -0.0045268483929142575], [0.5576423399450655, -0.8124871135184193, -0.1699991501952249], [0.09241049853160528, -0.14276029974965462, 0.9854338113625536]], "hyperbolic_axes": [0.0003073047520290623, 1.4142146580468503e-05, 1.1046884098772498e-06], "max_angular_error": 15.615008144765817, "min_angular_error": 3.431138954053573, "strike": 57.084521067448435, "dip": 9.791273380810438, "rake": 91.52534896912634, "disabled": false, "centered_array": null, "roi": 6, "index": 6, "color": "black", "stacked": false, "center": [83.06925255766133, -95.35398726342433, 14.275231375469751]}, {"uid": "e05b5470", "axes": [[-0.863877476946877, -0.5030328164809833, 0.025955545979760845], [-0.47215661468823394, 0.8266487043183234, 0.30613730719235194], [-0.1754532303209167, 0.2522100418144514, -0.9516334687146665]], "hyperbolic_axes": [0.0004152573815418148, 2.563044445274562e-05, 1.373094248145741e-06], "max_angular_error": 13.032076722328911, "min_angular_error": 3.291062495972535, "strike": 55.17508732992722, "dip": 17.89271630861495, "rake": 85.1538243208469, "disabled": false, "centered_array": null, "roi": 11, "index": 5, "color": "violet", "stacked": false, "center": [83.16458699499385, -95.3555814032893, 14.280776736545855]}, {"uid": "28c84e75", "axes": [[-0.89408798601554, -0.4468055204756448, 0.031168896919264936], [0.41545978698753905, -0.8533357559913637, -0.31497817851863347], [0.1673315232075064, -0.268668781995854, 0.9485869738310346]], "hyperbolic_axes": [0.0012514538882677261, 4.061735623831131e-05, 1.2787011575714938e-06], "max_angular_error": 10.061318562657615, "min_angular_error": 1.8308462899171314, "strike": 58.084641933321706, "dip": 18.45239337577363, "rake": 84.34865259246601, "disabled": false, "centered_array": null, "roi": 8, "index": 4, "color": "blue", "stacked": false, "center": [83.18454295204107, -95.39292254094556, 14.291971462236058]}, {"uid": "fc460f33", "axes": [[-0.9048173814168827, -0.42579778848287225, -0.001322727859873409], [-0.41980798218286763, 0.8915611675613536, 0.16994099738493224], [-0.07118120806396301, 0.15432085996303815, -0.985453351406764]], "hyperbolic_axes": [0.006842132388012609, 6.291006438122433e-05, 1.6545198879839527e-06], "max_angular_error": 9.211576981834062, "min_angular_error": 0.8908978060162068, "strike": 65.23826834988361, "dip": 9.784687829237726, "rake": 90.44595003322368, "disabled": false, "centered_array": null, "roi": 0, "index": 3, "color": "green", "stacked": false, "center": [83.24216370065197, -95.46974773063941, 14.307884103845566]}, {"uid": "832fb545", "axes": [[-0.8374415801897688, -0.5460049534603699, -0.023878663404853884], [-0.5350921214378355, 0.8102464791284274, 0.23911726126556346], [0.11121160615879941, -0.21302402178328658, 0.9706970406871828]], "hyperbolic_axes": [0.001846225397977154, 1.9383513561750188e-05, 1.2511904646040354e-06], "max_angular_error": 14.255259401280675, "min_angular_error": 1.4912275076482773, "strike": 62.43267921856935, "dip": 13.904636007223914, "rake": 95.70274918644274, "disabled": false, "centered_array": null, "roi": 9, "index": 2, "color": "orange", "stacked": false, "center": [83.2994691341776, -95.53936373589133, 14.341801577049766]}, {"uid": "81b08c23", "axes": [[-0.9659424859227342, -0.2563997140423928, 0.034846815182847136], [0.2343583258225341, -0.9239796485335766, -0.3022214158748969], [0.10968723265297227, -0.28376186448278723, 0.9526006063708888]], "hyperbolic_axes": [0.00048113158542811634, 2.605226342334667e-05, 1.2282610731768299e-06], "max_angular_error": 12.250553016683613, "min_angular_error": 2.8924568327710016, "strike": 68.86615142890278, "dip": 17.711468425286103, "rake": 83.42271146319169, "disabled": false, "centered_array": null, "roi": 1, "index": 1, "color": "pink", "stacked": false, "center": [83.39445865892571, -95.49078952874906, 14.346638084470586]}, {"uid": "7a80e031", "axes": [[-0.999797337013288, 0.0001615733106433634, 0.020131040589182254], [0.007608390254297963, 0.92883651906382, 0.3704117077673754], [-0.018638597020063485, 0.37048980383739405, -0.9286495075935015]], "hyperbolic_axes": [0.0007614059850930058, 8.049943275156254e-06, 1.1763311019162924e-06], "max_angular_error": 20.920274760077316, "min_angular_error": 2.2508977908035157, "strike": 87.11999257436557, "dip": 21.774732902755375, "rake": 86.88916404810325, "disabled": false, "centered_array": null, "roi": 10, "index": 0, "color": "red", "stacked": false, "center": [83.18331294809957, -95.64473828512172, 14.355898358249886]}, {"uid": "7e1a672a", "axes": [[-0.9010678733278169, -0.43366975706844274, 0.002688765643143182], [-0.4250347183666783, 0.8843239049679249, 0.1931753588976617], [-0.0861520506978461, 0.17292129107336646, -0.9811605634421289]], "hyperbolic_axes": [0.0021748581393093917, 4.5220026949798144e-05, 2.1866070778167127e-06], "max_angular_error": 12.401807702110325, "min_angular_error": 1.816130519050037, "strike": 63.516807107587894, "dip": 11.139245470642493, "rake": 89.20256404850895, "disabled": false, "centered_array": null, "roi": 0, "color": "#888888", "stacked": true, "center": [3.5212100915018086e-07, -2.0226791211070373e-07, 7.261533907123615e-07]}]