[{"uid": "d96c941c", "axes": [[0.3904560959885869, 0.9204508625680677, -0.017727004909218663], [0.9206106647354658, -0.39047272240100006, 0.0026565082486725636], [0.004476726558008698, 0.01735691961298281, 0.9998393352238515]], "hyperbolic_axes": [12.145444534393272, 29.732067624511867, 1.0], "max_angular_error": 9.413707637752237, "min_angular_error": 3.852687949160204, "strike": -75.53737693600908, "dip": 1.027078839468424, "rake": 8.522728647335661, "disabled": false}, {"uid": "56ba54d4", "axes": [[0.24354311142900467, -0.9680929086819761, 0.05901587104457979], [-0.969420638743607, -0.24108124791975957, 0.04586346126698604], [0.030172471781680768, 0.0683809334619123, 0.9972029231232032]], "hyperbolic_axes": [11.861003542305989, 43.765288987446404, 1.0], "max_angular_error": 9.638408678452747, "min_angular_error": 2.617865111391232, "strike": -66.19096144601383, "dip": 4.286384376212386, "rake": 142.1478722047943, "disabled": false}, {"uid": "311ec182", "axes": [[0.8011161499365499, 0.5947862687673753, -0.06664989719889293], [0.5928222589183575, -0.7732544722736079, 0.2250317542921448], [-0.0823084664039814, 0.2197881152261147, 0.9720691851733481]], "hyperbolic_axes": [5.150029189709082, 15.320689937482552, 1.0], "max_angular_error": 21.97718066056897, "min_angular_error": 7.468935246859933, "strike": 249.46957389243192, "dip": 13.57361414302903, "rake": 73.50176615363658, "disabled": false}, {"uid": "50479511", "axes": [[0.6120565565544303, 0.7747931590835851, -0.1583740263301136], [0.7851199679578684, -0.6193285538347365, 0.004333395759626285], [0.09472807130185348, 0.12699489376448184, 0.987369682269604]], "hyperbolic_axes": [6.3536848413913205, 11.02213300173705, 1.0], "max_angular_error": 17.88870350569869, "min_angular_error": 10.3681102426782, "strike": -53.27999468699988, "dip": 9.115971038995937, "rake": 1.56732363596057, "disabled": false}, {"uid": "e2e70a8d", "axes": [[0.8837410864354333, 0.4676927699470886, 0.016283890356415757], [0.4653731638421671, -0.8819582633423866, 0.07468226092997558], [-0.04929006513945375, 0.058421696836886895, 0.9970744178932921]], "hyperbolic_axes": [12.331844305617896, 14.683126599438818, 1.0], "max_angular_error": 9.272041406985053, "min_angular_error": 7.792269447534371, "strike": 229.8458574667472, "dip": 4.383789710804075, "rake": 102.3003838712681, "disabled": false}, {"uid": "ac1c09b3", "axes": [[0.04250315535868575, 0.9984382981212123, -0.03625529794902191], [0.997117245869212, -0.04010809310089375, 0.06440915197398009], [-0.06285443321479105, 0.038888375031967695, 0.9972647665051746]], "hyperbolic_axes": [18.222013136496546, 51.0905919095937, 1.0], "max_angular_error": 6.282331611754949, "min_angular_error": 2.242622850174388, "strike": 211.74530104762403, "dip": 4.238711658298478, "rake": 60.6252542416245, "disabled": false}, {"uid": "3279f52c", "axes": [[0.7164171790694056, 0.6976687705401226, -0.0021707480897782128], [0.6948927688882925, -0.7132822178834761, 0.09139210796338645], [-0.06221306358794261, 0.06698331332700079, 0.9958126181439657]], "hyperbolic_axes": [5.225773870116787, 18.71765358874588, 1.0], "max_angular_error": 21.6662246706167, "min_angular_error": 6.116296532481924, "strike": 227.11454132525608, "dip": 5.24518217405918, "rake": 88.63936475936377, "disabled": false}, {"uid": "f0308e8b", "axes": [[0.6291006117000135, 0.772072020663748, -0.09020651454782105], [0.7754856216449841, -0.631348723989085, 0.004565012513310241], [0.05342724941976294, 0.07282570717508598, 0.995912619356682]], "hyperbolic_axes": [3.4293950110501674, 11.650944597878677, 1.0], "max_angular_error": 32.51301200720741, "min_angular_error": 9.811342336912233, "strike": -53.73504600119298, "dip": 5.182128888125817, "rake": 2.897052539458195, "disabled": false}, {"uid": "6ddcb8d3", "axes": [[0.9655300062769089, -0.23338709087079207, -0.11524874313319439], [-0.22389121414595797, -0.9704873670146967, 0.08959349693549233], [0.13275741488580273, 0.06070202862960963, 0.9892879927064155]], "hyperbolic_axes": [4.130627060096302, 18.576477285401065, 1.0], "max_angular_error": 27.21824386866563, "min_angular_error": 6.162689528106552, "strike": -24.57178501418548, "dip": 8.393855801565724, "rake": 37.86122319229861, "disabled": false}, {"uid": "281b656c", "axes": [[0.6546183159576677, -0.7442410398288166, -0.13259010161874432], [-0.7251751507627883, -0.6677687652865697, 0.1679460533142038], [0.21353187380087862, 0.013789515661254454, 0.9768387728427418]], "hyperbolic_axes": [6.7465357588821835, 35.279554640767344, 1.0], "max_angular_error": 16.8624679167695, "min_angular_error": 3.247231599303433, "strike": -3.6949307371554596, "dip": 12.35549724563183, "rake": 51.70960307028007, "disabled": false}, {"uid": "a0cef17b", "axes": [[0.1125094758035549, 0.9925922776778401, -0.04584962539352798], [0.9926003928770164, -0.11014987978240093, 0.05110248569605296], [-0.045673601946879167, 0.05125987005680147, 0.9976403900238592]], "hyperbolic_axes": [10.905680855897977, 20.72802502365841, 1.0], "max_angular_error": 10.47820927996506, "min_angular_error": 5.524056441612311, "strike": 228.29830289347058, "dip": 3.936798405830515, "rake": 48.10125016694604, "disabled": false}, {"uid": "c9d0dd03", "axes": [[0.3909310587929013, 0.9201249796963166, 0.023300837107585626], [0.8936625072426572, -0.38550437673580346, 0.22968173341889306], [-0.22031847498525597, 0.06896663872041903, 0.9729868304986344]], "hyperbolic_axes": [5.879850006711043, 17.943436628896833, 1.0], "max_angular_error": 19.3041501010255, "min_angular_error": 6.379666559916372, "strike": 197.3817676218328, "dip": 13.3477455589426, "rake": 95.7927450595246, "disabled": false}, {"uid": "676638eb", "axes": [[0.5922754474909522, 0.8044768336144031, -0.04502020076739284], [0.794211483823251, -0.5734761149810735, 0.2008812199024201], [-0.13578627788794503, 0.15473257486372588, 0.9785805623521138]], "hyperbolic_axes": [9.157214178079753, 25.46951444313701, 1.0], "max_angular_error": 12.46441020078438, "min_angular_error": 4.496855669131565, "strike": 228.73128216870998, "dip": 11.8800951778125, "rake": 77.36796887369503, "disabled": false}, {"uid": "9ff269eb", "axes": [[0.3859361148872312, 0.9203276575926884, -0.06364210788232029], [0.9218946069517515, -0.3822024105946639, 0.0634952833595033], [-0.034112298354487064, 0.08317643900518312, 0.9959508176086765]], "hyperbolic_axes": [5.257783624912383, 11.951332026869542, 1.0], "max_angular_error": 21.53741277040089, "min_angular_error": 9.565900565905363, "strike": 247.70049848994609, "dip": 5.157841043387518, "rake": 44.93383204056288, "disabled": false}, {"uid": "a955ab81", "axes": [[0.2146133617059482, 0.9756821436350551, -0.04455849603583491], [0.954908081876052, -0.20002355926975238, 0.21941087234879444], [-0.2051625212973143, 0.08963777289047022, 0.9746144927745357]], "hyperbolic_axes": [6.0927025565154755, 14.527760440444597, 1.0], "max_angular_error": 18.64179086421224, "min_angular_error": 7.875342577799805, "strike": 203.60104854814898, "dip": 12.93759616893092, "rake": 78.52035036778763, "disabled": false}, {"uid": "7e3276bb", "axes": [[-0.09524701559911271, 0.9642227687016078, -0.24739130610607174], [0.2804255554899349, 0.2644461075408521, 0.9227295183501248], [-0.9551384788854567, -0.018512388389880424, 0.29558040805925956]], "hyperbolic_axes": [1.3669428392510088, 2.9668692951595004, 1.0], "max_angular_error": 72.37538067309434, "min_angular_error": 37.25335742855079, "strike": 178.8896385612244, "dip": 72.80765556521457, "rake": 74.99150271795821, "disabled": false}, {"uid": "5ca1f791", "axes": [[0.923091732201618, 0.38446957546341937, 0.009208663529220125], [0.38085371004067686, -0.9172110599058153, 0.11693726153242584], [-0.053405107333178645, 0.10443666563726092, 0.9930966102959483]], "hyperbolic_axes": [24.481124229866623, 35.406385814650434, 1.0], "max_angular_error": 4.678211999161616, "min_angular_error": 3.23560570403537, "strike": 242.91645164792862, "dip": 6.736262217770363, "rake": 94.50267894619869, "disabled": false}, {"uid": "cfe5b3ff", "axes": [[0.5420944656325062, 0.8340717545734476, -0.10226386729132708], [0.8401134660020384, -0.5352526113955988, 0.08782941555215999], [-0.018519032713654744, 0.13352509208745278, 0.9908723909820012]], "hyperbolic_axes": [6.027104325104602, 25.693086815381868, 1.0], "max_angular_error": 18.84106780541316, "min_angular_error": 4.457765221805486, "strike": 262.1038331637511, "dip": 7.747240497794767, "rake": 40.65766291980191, "disabled": false}, {"uid": "2020eb1b", "axes": [[0.5080032724615332, 0.8511999716471218, -0.1318760153944315], [0.8600262313735669, -0.5097408623825789, 0.022784524722817823], [0.04782840701668004, 0.12499144564890759, 0.9910043299586753]], "hyperbolic_axes": [4.368644898261676, 29.813530418882866, 1.0], "max_angular_error": 25.78621091802967, "min_angular_error": 3.84216872416298, "strike": -69.06047831904743, "dip": 7.690958913500623, "rake": 9.802354722781635, "disabled": false}, {"uid": "f0cb8dbc", "axes": [[-0.30085627218690436, -0.9521970396522896, 0.052974533157124], [-0.8640808353374925, 0.2956779105608895, 0.407355966212363], [0.40354654438894705, -0.07678131858572466, 0.9117317673680001]], "hyperbolic_axes": [12.776319361804338, 15.532195973324479, 1.0], "max_angular_error": 8.95081048061155, "min_angular_error": 7.36751074666299, "strike": 10.772694084554601, "dip": 24.25422322247863, "rake": 97.40943741293164, "disabled": false}, {"uid": "a9839376", "axes": [[0.11801121206493506, -0.9876054453809648, -0.10348351598602948], [-0.9706000443148262, -0.13673534179069025, 0.19808836483105352], [0.20978300170181155, -0.07706445717222057, 0.9747061924691607]], "hyperbolic_axes": [5.087642550982303, 17.91381344992189, 1.0], "max_angular_error": 22.23999586010605, "min_angular_error": 6.390194456359322, "strike": 20.170969544956705, "dip": 12.91410827231179, "rake": 62.41694383375425, "disabled": false}, {"uid": "79792b58", "axes": [[0.4161354484144995, 0.9092843039166874, 0.005774359151336474], [0.9068960668335166, -0.4154874392093346, 0.07006933581223095], [-0.06611212093679283, 0.023921590875497712, 0.9975254106814643]], "hyperbolic_axes": [18.944986789943908, 50.41586612593424, 1.0], "max_angular_error": 6.04303993846071, "min_angular_error": 2.272628510128853, "strike": 199.8918293366337, "dip": 4.031612622557124, "rake": 94.71105491812838, "disabled": false}, {"uid": "76d64be6", "axes": [[0.601978585943507, 0.7951527079891777, -0.0731707116470322], [0.7932464575300543, -0.5849867360200016, 0.16896915782676028], [-0.09155238763394119, 0.15975822250557986, 0.9829015569528731]], "hyperbolic_axes": [8.224966886690142, 29.32417785972044, 1.0], "max_angular_error": 13.86411486778337, "min_angular_error": 3.906236363284459, "strike": 240.1843412845618, "dip": 10.61052017787268, "rake": 66.58537064160696, "disabled": false}, {"uid": "a1dfdd2b", "axes": [[-0.015705365618847902, 0.9998762108769674, 0.0009510063598016422], [0.9965028869058179, 0.015574298117612663, 0.08209407790160264], [-0.08206910429113375, -0.0022369980915949808, 0.9966241307335425]], "hyperbolic_axes": [11.295196408301843, 17.800677332015546, 1.0], "max_angular_error": 10.11877621140726, "min_angular_error": 6.430723792747769, "strike": 178.43864725532768, "dip": 4.70926025986739, "rake": 90.66370455566448, "disabled": false}, {"uid": "15300ab6", "axes": [[0.7812025698764359, 0.6242380524478505, -0.00702842048877126], [0.6213915294499716, -0.7764603902818492, 0.10479422432168466], [-0.0599592523825752, 0.08623291830544272, 0.9944690904468824]], "hyperbolic_axes": [11.427380923176255, 18.235096090654938, 1.0], "max_angular_error": 10.0023258461808, "min_angular_error": 6.277833305853339, "strike": 235.18843703945112, "dip": 6.028875035848724, "rake": 86.16298848294493, "disabled": false}, {"uid": "a0a220b2", "axes": [[-0.7394340439402819, 0.6610133384278545, -0.12766620963506467], [0.64079967571994, 0.7491912228705543, 0.1675956060609684], [-0.20642933478394282, -0.042117431001740854, 0.9775546285228629]], "hyperbolic_axes": [3.3914520097776846, 21.74390055185723, 1.0], "max_angular_error": 32.85724939457551, "min_angular_error": 5.266344524359621, "strike": 168.4683116651634, "dip": 12.16232817057385, "rake": 52.70160698603276, "disabled": false}, {"uid": "7c3a9fdf", "axes": [[0.3090646506738484, -0.9509998211124605, -0.008853358002486822], [-0.8958325917036645, -0.29423624992659525, 0.33303002397776355], [0.31931647208584074, 0.09499668137994267, 0.9428746582560431]], "hyperbolic_axes": [3.638502514487502, 14.589066958201148, 1.0], "max_angular_error": 30.73527961906531, "min_angular_error": 7.842352083709492, "strike": -16.567746742293423, "dip": 19.4599388173666, "rake": 88.47719255102693, "disabled": false}, {"uid": "e6fbaa80", "axes": [[-0.2134154932088569, 0.9742057592050236, -0.0733277982090266], [0.9701231341929086, 0.22018897023547176, 0.10187208592332864], [-0.11539034518601587, 0.04939591196046382, 0.9920912821507133]], "hyperbolic_axes": [18.661913302588562, 43.05740064696015, 1.0], "max_angular_error": 6.134530144916232, "min_angular_error": 2.660888969581727, "strike": 203.17463625133632, "dip": 7.210698107184674, "rake": 54.2535600124347, "disabled": false}, {"uid": "b4a96568", "axes": [[0.06368149430178643, 0.9933925960833628, -0.09547678948439847], [0.9687488013361345, -0.038551448774132024, 0.2450296833186095], [-0.23972990467043143, 0.10809688175045604, 0.964802900577384]], "hyperbolic_axes": [4.313999768989002, 16.596675763166164, 1.0], "max_angular_error": 26.10172788060656, "min_angular_error": 6.896151363203222, "strike": 204.27114323093548, "dip": 15.24660656661525, "rake": 68.71142689999236, "disabled": false}, {"uid": "d642842b", "axes": [[0.7777574370778192, -0.6280370052128811, 0.02574663382614923], [-0.6283832417855627, -0.7778642754654079, 0.007853050219060714], [-0.015095380525485511, 0.022286521440361515, 0.9996376545773369]], "hyperbolic_axes": [17.842047563958783, 33.79406620772973, 1.0], "max_angular_error": 6.415844095828326, "min_angular_error": 3.389888905313313, "strike": 235.88894665843458, "dip": 1.542453692616585, "rake": 163.0376285519046, "disabled": false}, {"uid": "8f130a5d", "axes": [[0.8753989119045147, 0.4810072605245705, 0.048049561486446055], [0.4773612340749717, -0.8758438022228394, 0.07087937859673922], [-0.07617740635393044, 0.03911073293212256, 0.9963269309472169]], "hyperbolic_axes": [8.59358029499323, 17.524066930684658, 1.0], "max_angular_error": 13.27485028441965, "min_angular_error": 6.532012162538813, "strike": 207.17670970569168, "dip": 4.912303589564665, "rake": 124.1335838388404, "disabled": false}, {"uid": "afbcea28", "axes": [[-0.9305887652513026, -0.27783860101980906, 0.23834903350215467], [-0.27861404556988206, 0.9598982474879234, 0.03113788818781715], [0.23744212684197297, 0.037430819560472776, 0.9706802615422814]], "hyperbolic_axes": [5.46268634543063, 9.621582797150941, 1.0], "max_angular_error": 20.74742393428931, "min_angular_error": 11.86723707897357, "strike": -8.958489963866668, "dip": 13.90863605843241, "rake": 172.5570379234944, "disabled": false}, {"uid": "3fae99d2", "axes": [[-0.8263682778256053, 0.5584579569797179, -0.07238908543131979], [0.5574017604758403, 0.8294644933874488, 0.03594345041780209], [-0.08011708196119798, 0.010647276437784493, 0.9967285932903099]], "hyperbolic_axes": [2.9185809985845235, 11.30687073245371, 1.0], "max_angular_error": 37.82622805603786, "min_angular_error": 10.10838273431903, "strike": 187.5700480883002, "dip": 4.635785871153262, "rake": 26.40583954755861, "disabled": false}, {"uid": "29d94a97", "axes": [[-0.48571789871578247, 0.8679322852763846, -0.10378666119515355], [0.8725223575419596, 0.48856849988399514, 0.0023572251745301105], [-0.05275280520072553, 0.0894112358488313, 0.9945967888785078]], "hyperbolic_axes": [25.297735934553707, 59.919215202537615, 1.0], "max_angular_error": 4.527358883953898, "min_angular_error": 1.912256718605653, "strike": 239.4593114660409, "dip": 5.958807305950417, "rake": 1.301090490071777, "disabled": false}, {"uid": "1b25e055", "axes": [[-0.35797744628131356, 0.927440000715798, -0.10819978293041933], [0.9326964808840799, 0.360623480119774, 0.005289625010929953], [-0.043925192092495104, 0.09902399031842497, 0.99411509738111]], "hyperbolic_axes": [3.480744464685482, 12.564414581985842, 1.0], "max_angular_error": 32.05817299376232, "min_angular_error": 9.101141317988056, "strike": 246.07882049736668, "dip": 6.218998935537637, "rake": 2.798823416975632, "disabled": false}, {"uid": "6611c829", "axes": [[0.8203896656953923, 0.5694673997514712, 0.051649559925526334], [0.5633511031171571, -0.8204314376804996, 0.09761040253062521], [-0.09796086482307419, 0.050981728940931254, 0.9938835607239456]], "hyperbolic_axes": [11.725170038911122, 30.26907595537255, 1.0], "max_angular_error": 9.74953250444324, "min_angular_error": 3.784386955342616, "strike": 207.4938012409848, "dip": 6.340281996509882, "rake": 117.8851035896044, "disabled": false}, {"uid": "18792bc2", "axes": [[-0.02533523439451644, -0.998429489670124, 0.04996678952294934], [-0.9996758586864758, 0.02542901813413768, 0.001242012959218742], [0.0025106687619201843, 0.049919126532717954, 0.998750107558732]], "hyperbolic_axes": [2.3058746844652327, 20.36722990959251, 1.0], "max_angular_error": 46.89033547670615, "min_angular_error": 5.621756715984753, "strike": -87.12075061060779, "dip": 2.86496418071996, "rake": 178.5761052345717, "disabled": false}, {"uid": "09e79719", "axes": [[-0.5150267908736833, 0.8511955497757536, -0.10106206372476063], [0.8493001060272537, 0.5226805998282176, 0.07412368356544455], [-0.11591692967142805, 0.04765633856232498, 0.992114982655933]], "hyperbolic_axes": [62.72223781767913, 113.87099287827075, 1.0], "max_angular_error": 1.826813825291679, "min_angular_error": 1.006302048073578, "strike": 202.34878520026098, "dip": 7.199871384302924, "rake": 36.25807853299308, "disabled": false}, {"uid": "fb1692f1", "axes": [[0.032382671075357396, 0.9987732982179959, -0.03746013054931397], [0.9989282733799594, -0.031102068683006637, 0.03427777655815592], [-0.033070640395349724, 0.03852998949369143, 0.9987100543468347]], "hyperbolic_axes": [6.057679998528252, 22.74165139250161, 1.0], "max_angular_error": 18.74766102978919, "min_angular_error": 5.035596858967134, "strike": 229.3602075033234, "dip": 2.910516278705618, "rake": 42.45997623915984, "disabled": false}, {"uid": "5114eeb8", "axes": [[0.09890161843248156, 0.9950179500918749, -0.012559811559058859], [0.9630313940687716, -0.09252871454330013, 0.25299994273304255], [-0.2505773411731279, 0.03711759663458458, 0.9673847632202391]], "hyperbolic_axes": [12.231858979809735, 37.84473025726577, 1.0], "max_angular_error": 9.347498259852303, "min_angular_error": 3.027235220499112, "strike": 188.4258564655512, "dip": 14.67355705624604, "rake": 87.15796813215289, "disabled": false}, {"uid": "6bb8ddab", "axes": [[-0.47437629386465135, 0.85234484549252, -0.22017128827703658], [0.7611076006088991, 0.5227773569208176, 0.3839518920206651], [-0.44235998023623524, -0.01456363461557844, 0.8967193253366303]], "hyperbolic_axes": [7.557267284219814, 25.246080493018344, 1.0], "max_angular_error": 15.07551417159728, "min_angular_error": 4.536612545687323, "strike": 178.11435583992193, "dip": 26.2698671403835, "rake": 60.16855005762651, "disabled": false}, {"uid": "a2fd2e0b", "axes": [[0.012044745558945654, 0.999115318400063, -0.04029273684873207], [0.8923286606562644, 0.0074438285240931434, 0.45132488385674163], [-0.45122553726026815, 0.04139045729687955, 0.8914495748885282]], "hyperbolic_axes": [5.74602849688967, 45.762159642870856, 1.0], "max_angular_error": 19.74498360488674, "min_angular_error": 2.50366952557953, "strike": 185.2410164632338, "dip": 26.94403121635839, "rake": 84.89835462624832, "disabled": false}, {"uid": "80a2ef22", "axes": [[-0.6109106195922417, 0.7801063318061657, -0.13499009573058268], [0.7679549276611688, 0.6253562087591819, 0.13847325101719687], [-0.19244075439041605, 0.01907152962588612, 0.9811232505691507]], "hyperbolic_axes": [15.290587919877385, 59.05031518547892, 1.0], "max_angular_error": 7.483597333731639, "min_angular_error": 1.940389415242217, "strike": 185.6597248549253, "dip": 11.15030596901121, "rake": 45.7297479104451, "disabled": false}, {"uid": "a0ac750f", "axes": [[0.16016183046958038, 0.9858936866969725, -0.04859862746709297], [0.9826727798738011, -0.15459865892041272, 0.10224217503117754], [-0.09328663224561946, 0.06413184225532413, 0.99357169396738]], "hyperbolic_axes": [21.939977340642955, 32.31031037476937, 1.0], "max_angular_error": 5.219344751439903, "min_angular_error": 3.545462418411247, "strike": 214.50738963917001, "dip": 6.500081845706629, "rake": 64.57692350500875, "disabled": false}, {"uid": "c5e0e208", "axes": [[0.9137552361133606, -0.3956164638023878, -0.0924066125551121], [-0.36635307885880364, -0.900703682874304, 0.2334915357509569], [0.17560407195191075, 0.17950066636410889, 0.9679580159742204]], "hyperbolic_axes": [4.397276443571939, 13.955437398866284, 1.0], "max_angular_error": 25.62387006671081, "min_angular_error": 8.1972372194442, "strike": -45.62868621594737, "dip": 14.54332940738807, "rake": 68.40832167108104, "disabled": false}, {"uid": "538223d4", "axes": [[0.3729456791196325, 0.9250899020183484, 0.07155552815596194], [0.899243569363492, -0.37937272746653666, 0.21780114006360818], [-0.2286318512027637, 0.016882145547395463, 0.9733665649575775]], "hyperbolic_axes": [6.881452924176787, 27.479943950506755, 1.0], "max_angular_error": 16.53647928263504, "min_angular_error": 4.168167771910877, "strike": 184.2230487360083, "dip": 13.25317276349993, "rake": 108.1872166064709, "disabled": false}, {"uid": "21466b7a", "axes": [[-0.5088024237939744, 0.8584113578423974, -0.06519228687926412], [0.8586229163383452, 0.5114933836056847, 0.03378174161056387], [-0.062344054087072484, 0.03878735947160312, 0.9973007368217516]], "hyperbolic_axes": [4.420699505380498, 19.446281490588408, 1.0], "max_angular_error": 25.49254862089814, "min_angular_error": 5.887537443609619, "strike": 211.8878127344184, "dip": 4.21073570932692, "rake": 27.39256622333461, "disabled": false}, {"uid": "2b6eeaa9", "axes": [[-0.18627273815467227, 0.9793255205783353, -0.07889227949763883], [0.9179214131218834, 0.2020984433880777, 0.3414330073564078], [-0.3503180645537505, 0.008817251504216814, 0.9365892961822838]], "hyperbolic_axes": [8.437666454860578, 26.753799189415915, 1.0], "max_angular_error": 13.51789804034698, "min_angular_error": 4.281195258348268, "strike": 181.4417887955379, "dip": 20.51355745400549, "rake": 76.98944424213369, "disabled": false}, {"uid": "bab166f1", "axes": [[0.9202333390952716, -0.38055331463009473, 0.09137711060005475], [-0.3852582277848789, -0.9219272171109569, 0.04032746302584491], [-0.06889629555804072, 0.07231445964739437, 0.9949994569768791]], "hyperbolic_axes": [8.920002620004981, 19.552113810720623, 1.0], "max_angular_error": 12.7931666964484, "min_angular_error": 5.855724788458996, "strike": 226.38663756882931, "dip": 5.732279475733677, "rake": 156.186692027437, "disabled": false}, {"uid": "7dc0ee56", "axes": [[-0.782392421025562, 0.5864689417373943, -0.20956211465620572], [0.591280690440904, 0.8051660599173127, 0.04576855983050171], [-0.19557414101431622, 0.08810105751153775, 0.9767235837389517]], "hyperbolic_axes": [9.7475190547481, 32.89910990581228, 1.0], "max_angular_error": 11.71498739976959, "min_angular_error": 3.482048237074856, "strike": 204.25032412297952, "dip": 12.38630322187564, "rake": 12.31999875255943, "disabled": false}, {"uid": "9ee304e6", "axes": [[-0.22867268446517042, 0.9717291973041606, -0.05874666361678761], [0.969946731389214, 0.2325756654827089, 0.0714975390671259], [-0.0831392906324842, 0.04063160016399176, 0.9957092604878397]], "hyperbolic_axes": [11.485166856478362, 34.71927172714203, 1.0], "max_angular_error": 9.952253927343936, "min_angular_error": 3.299605130843594, "strike": 206.0455546976587, "dip": 5.309567109680923, "rake": 50.59142475577462, "disabled": false}, {"uid": "a84e9970", "axes": [[0.11574969616576462, 0.99245634831228, -0.04040302627511218], [0.9909802315243879, -0.11262087195463477, 0.0726272671112463], [-0.06752916825641885, 0.048445184433873176, 0.9965404535390243]], "hyperbolic_axes": [16.408735698807167, 21.444484830406495, 1.0], "max_angular_error": 6.97494368333313, "min_angular_error": 5.339769482268283, "strike": 215.6555221045174, "dip": 4.767300178330794, "rake": 60.91252474862164, "disabled": false}, {"uid": "8d9bef4b", "axes": [[0.022026139431884133, 0.984846037913118, -0.17202654094226405], [0.9960356197879934, -0.0067835040015745696, 0.08869626929588696], [-0.08618522666487033, 0.17329819872201174, 0.9810911481735175]], "hyperbolic_axes": [6.704932306527709, 33.25435858228794, 1.0], "max_angular_error": 16.96558020007701, "min_angular_error": 3.444872843535132, "strike": 243.55777246204008, "dip": 11.15981328558343, "rake": 27.27546994853491, "disabled": false}, {"uid": "264ee872", "axes": [[-0.42911441758784546, 0.8938813020077254, -0.12975759915788182], [0.895553600105145, 0.43975851399992305, 0.06779527050830036], [-0.11766293365779316, 0.08711295704746166, 0.9892253366940662]], "hyperbolic_axes": [6.063333678152961, 20.95585624443183, 1.0], "max_angular_error": 18.73048985286297, "min_angular_error": 5.464090615389633, "strike": 216.51477551520532, "dip": 8.418412550368048, "rake": 27.58600104059372, "disabled": false}, {"uid": "8e81e83d", "axes": [[-0.022406756351863514, 0.9928517801723811, -0.11723173579846953], [0.9856847409803131, 0.04153879280104062, 0.16340171385638882], [-0.16710334726857254, 0.11189223074532993, 0.9795695993804998]], "hyperbolic_axes": [5.219597437785665, 23.056633756286516, 1.0], "max_angular_error": 21.69125494675252, "min_angular_error": 4.966891052107334, "strike": 213.806224176274, "dip": 11.60160988106627, "rake": 54.34264234316183, "disabled": false}, {"uid": "377fc59f", "axes": [[-0.2777313607911246, 0.955247471258227, -0.10182121531327773], [0.9555584392560169, 0.2856081123574994, 0.07304844503609256], [-0.0988603075036449, 0.07700827754435682, 0.9921171124368009]], "hyperbolic_axes": [8.35605090149579, 25.324788630442242, 1.0], "max_angular_error": 13.64869133923174, "min_angular_error": 4.522527647024877, "strike": 217.91718333448569, "dip": 7.198897677420803, "rake": 35.65636481345474, "disabled": false}, {"uid": "852cbd89", "axes": [[-0.1384706915719869, 0.9884696848336254, -0.061266220223619536], [0.9684171765041035, 0.14809434482217115, 0.200589723773457], [-0.20735004178296074, 0.03155546223089184, 0.977757747591907]], "hyperbolic_axes": [8.509158757633575, 15.404568348653573, 1.0], "max_angular_error": 13.4053609591557, "min_angular_error": 7.428380782239908, "strike": 188.65313459455058, "dip": 12.10696506891042, "rake": 73.015730092066, "disabled": false}, {"uid": "483c18b0", "axes": [[0.34238139397042344, 0.9140680266690613, -0.21738128641674206], [0.8992896660161428, -0.25180401417034354, 0.35759311380992165], [-0.2721269513654313, 0.3179219732403367, 0.9082249397982456]], "hyperbolic_axes": [3.3834397930573172, 6.087645783535303, 1.0], "max_angular_error": 32.93084850764124, "min_angular_error": 18.65700378689071, "strike": 229.43795744636662, "dip": 24.73880752658633, "rake": 58.70453144777191, "disabled": false}, {"uid": "22adbb60", "axes": [[0.6313820193150197, 0.7697911402357412, -0.09369282843550515], [0.7750260870168296, -0.6304928764048624, 0.042582828066068404], [0.02629277712736764, 0.09950041817640726, 0.9946900807053675]], "hyperbolic_axes": [7.597934907709345, 70.30161362096274, 1.0], "max_angular_error": 14.9957436213359, "min_angular_error": 1.629889066029961, "strike": -75.1980447016324, "dip": 5.90709492840898, "rake": 24.44151126874858, "disabled": false}, {"uid": "cc5e9ab1", "axes": [[0.3408064096711442, -0.9369180663839198, 0.07768866075870384], [-0.9215134702578323, -0.31654890457499496, 0.22496603109300295], [0.18618247839265492, 0.14826101273020995, 0.9712645143542418]], "hyperbolic_axes": [5.782100589749482, 29.896556972129193, 1.0], "max_angular_error": 19.62420456191098, "min_angular_error": 3.83150649337448, "strike": -38.53104531180304, "dip": 13.7686828161851, "rake": 109.051588826105, "disabled": false}, {"uid": "7ce13445", "axes": [[0.731684042769698, 0.6747586547887837, 0.09663963650501656], [0.6624898276515894, -0.7373135281870152, 0.13219678290557182], [-0.16045463475499297, 0.03270350042497624, 0.9865012880101046]], "hyperbolic_axes": [7.381242904130242, 31.30841912872957, 1.0], "max_angular_error": 15.43074707045639, "min_angular_error": 3.658843785843128, "strike": 191.52010431692122, "dip": 9.424830405970324, "rake": 126.1678737655397, "disabled": false}, {"uid": "e84ee059", "axes": [[0.24426192573253425, 0.9643500131424497, -0.10180944842985144], [0.9622728317200229, -0.22807167597371078, 0.1483721939989805], [-0.11986287569953553, 0.1342101440677989, 0.9836770446942117]], "hyperbolic_axes": [16.307368971609563, 18.368459298469055, 1.0], "max_angular_error": 7.018191980719756, "min_angular_error": 6.23234359346139, "strike": 228.2320072164771, "dip": 10.36643787292811, "rake": 55.54301837155222, "disabled": false}, {"uid": "a50c9713", "axes": [[0.9943824844155529, 0.054977323660382674, 0.09044870684920997], [0.04868708591186653, -0.9963341765638073, 0.07034043130611721], [-0.09398426651819615, 0.06554160887605397, 0.9934139394799003]], "hyperbolic_axes": [19.45871634911686, 107.9096928975575, 1.0], "max_angular_error": 5.883781694945911, "min_angular_error": 1.061890510868204, "strike": 214.8906807248345, "dip": 6.579443087925303, "rake": 142.1283962441303, "disabled": false}, {"uid": "326030d5", "axes": [[0.6350840413517973, 0.7544951911275817, -0.1655453623198859], [0.7693791506976032, -0.6369366700568477, 0.04865594320048814], [0.06873123665483748, 0.15826776330715028, 0.9850011838600238]], "hyperbolic_axes": [3.2072841102021705, 20.448716179863194, 1.0], "max_angular_error": 34.63394161761359, "min_angular_error": 5.599390241446539, "strike": -66.5260500259788, "dip": 9.935973969820099, "rake": 16.37875078254544, "disabled": false}, {"uid": "cf4ad543", "axes": [[0.1089442716356254, 0.9886886324309214, -0.10308217003758455], [0.9912869835146594, -0.10033255461400903, 0.08534339341175934], [-0.07403554546425979, 0.11148168722485911, 0.9910048291614467]], "hyperbolic_axes": [9.998407807591672, 26.988885827843955, 1.0], "max_angular_error": 11.42299301338618, "min_angular_error": 4.243938155058962, "strike": 236.41166466052073, "dip": 7.690745189764589, "rake": 39.62190631206676, "disabled": false}, {"uid": "2639786b", "axes": [[0.9919503646433515, -0.10532371136454471, 0.07029502050871084], [-0.1086553001905928, -0.993043359886618, 0.045375225901246354], [-0.06502691615334501, 0.05264789843379395, 0.9964937024216916]], "hyperbolic_axes": [7.270683018766414, 60.70673329850116, 1.0], "max_angular_error": 15.66250090934667, "min_angular_error": 1.887454484302106, "strike": 218.9947526072827, "dip": 4.799422629638994, "rake": 147.1578780570152, "disabled": false}, {"uid": "65f59578", "axes": [[-0.4630395092709977, 0.8722700133520013, -0.15728775114729426], [0.8770061714598957, 0.47657541441801393, 0.061123232846065106], [-0.12827543831665394, 0.10963985670912645, 0.9856594309118503]], "hyperbolic_axes": [7.140961892893676, 36.92535670059296, 1.0], "max_angular_error": 15.94339676856981, "min_angular_error": 3.102571434434738, "strike": 220.52124416461578, "dip": 9.71496400288749, "rake": 21.23651020883878, "disabled": false}, {"uid": "088ded25", "axes": [[-0.8629199711597791, 0.49460553733237955, -0.1036073637042955], [0.49704453994331793, 0.8677211151610978, 0.0026060729299454974], [-0.0911912752742358, 0.04924864204959272, 0.994614861426336]], "hyperbolic_axes": [32.567285061486935, 79.57427565255551, 1.0], "max_angular_error": 3.517504312261261, "min_angular_error": 1.439982033334506, "strike": 208.37165041010758, "dip": 5.948824534785231, "rake": 1.440877328415696, "disabled": false}, {"uid": "e23c21c4", "axes": [[0.26430903553909635, 0.9490895343551526, -0.1713761637740558], [0.9644237865954756, -0.25913276746350866, 0.05231604606186905], [-0.0052434322001113755, 0.1791068524770128, 0.9838156543857901]], "hyperbolic_axes": [3.7844052361082077, 8.477430452812504, 1.0], "max_angular_error": 29.6033117411397, "min_angular_error": 13.45507389875676, "strike": 268.323119700998, "dip": 10.3222097321745, "rake": 16.97587169758058, "disabled": false}, {"uid": "e7b51f37", "axes": [[-0.1709793700231414, 0.9775364714655049, -0.12324164061411866], [0.9659897449023154, 0.1909430949939577, 0.17436899729506974], [-0.1939841946397935, 0.08923665966909747, 0.9769375367960085]], "hyperbolic_axes": [7.7138252735571955, 40.713402661792166, 1.0], "max_angular_error": 14.77295831609138, "min_angular_error": 2.814024766837886, "strike": 204.70338830634262, "dip": 12.3290236467547, "rake": 54.74784878586087, "disabled": false}, {"uid": "acf9e5dd", "axes": [[-0.19084976196911377, 0.9687083518729238, -0.15868363925741114], [0.9677080368486131, 0.21278932085824676, 0.13513645084613402], [-0.16467399240601444, 0.1277686735484473, 0.9780376487051683]], "hyperbolic_axes": [6.4597174544987315, 8.752451095449194, 1.0], "max_angular_error": 17.59970381207058, "min_angular_error": 13.03598323315108, "strike": 217.8074788685904, "dip": 12.03026270417824, "rake": 40.41802193833404, "disabled": false}, {"uid": "636e7b94", "axes": [[0.9627213620153259, 0.02878541516802899, 0.26895906564561106], [0.009643334644336787, -0.9973418825978251, 0.07222309404313443], [-0.270323112619497, 0.06693705319051949, 0.9604399230008488]], "hyperbolic_axes": [6.4782997793632795, 14.306473057500963, 1.0], "max_angular_error": 17.550007720518, "min_angular_error": 7.996763443894481, "strike": 193.907758137487, "dip": 16.16994042539914, "rake": 164.9690520216524, "disabled": false}, {"uid": "64179862", "axes": [[-0.5804742658951336, 0.7994548723128928, -0.15466587784214764], [0.8085095744976282, 0.588439138353762, 0.007186682067989126], [-0.09675688388517913, 0.12087715908581927, 0.9879406955036176]], "hyperbolic_axes": [4.909422827347561, 25.869285905689022, 1.0], "max_angular_error": 23.02614707758907, "min_angular_error": 4.427433110628216, "strike": 231.3242536847663, "dip": 8.907096751122689, "rake": 2.66038375893178, "disabled": false}, {"uid": "bbe11aab", "axes": [[0.6440034175620792, 0.6562280307673547, -0.39322305349961617], [0.7628910888542206, -0.5892228250750844, 0.26610834063846667], [0.05706824611974555, 0.47136104425985004, 0.8800920299827057]], "hyperbolic_axes": [2.219067301418595, 4.354568789535576, 1.0], "max_angular_error": 48.516443488855, "min_angular_error": 25.86676615383667, "strike": -83.09673043103425, "dip": 28.34653306344299, "rake": 34.08764121318949, "disabled": false}, {"uid": "65658b42", "axes": [[0.9054320941999723, 0.4141823289190569, -0.0929823703926635], [0.4212087368838149, -0.9037996882708881, 0.07569229454962213], [0.05268702653778775, 0.1076992195544224, 0.992786460091985]], "hyperbolic_axes": [7.684833514876214, 39.34368801176873, 1.0], "max_angular_error": 14.82807178932429, "min_angular_error": 2.911951014465773, "strike": -63.93187574579781, "dip": 6.886099002127351, "rake": 39.14731084973496, "disabled": false}, {"uid": "727bf8c4", "axes": [[0.5300925668902087, -0.8477100382694988, 0.019737313517156366], [-0.8237925065650102, -0.5093418993398274, 0.24887092177318457], [0.20091733786581767, 0.14818407672223743, 0.9683355321121346]], "hyperbolic_axes": [6.237565687148856, 46.173696921129086, 1.0], "max_angular_error": 18.21618907713961, "min_angular_error": 2.481361806917208, "strike": -36.41016724512491, "dip": 14.45694117506079, "rake": 94.53449017367653, "disabled": false}, {"uid": "1ce28834", "axes": [[-0.19965465201251656, 0.9728265791294443, -0.1172453277067533], [0.9400446587732255, 0.22392924487904828, 0.25723866894351094], [-0.2765032720270971, 0.0588569471447703, 0.9592089450850148]], "hyperbolic_axes": [8.93787395017044, 19.49818498503275, 1.0], "max_angular_error": 12.76779807756835, "min_angular_error": 5.871892478952685, "strike": 192.01672448936932, "dip": 16.42130025998753, "rake": 65.49724977498218, "disabled": false}, {"uid": "a7138894", "axes": [[-0.7028146515461421, 0.6919608010327117, -0.16505094791076635], [0.6993090980676405, 0.7145907259096743, 0.01807981757949564], [-0.1304544017344675, 0.10271486882653605, 0.9861193156966602]], "hyperbolic_axes": [15.934199403402898, 28.581461041987218, 1.0], "max_angular_error": 7.18212870526675, "min_angular_error": 4.007661975757477, "strike": 218.21555962584313, "dip": 9.55755290564652, "rake": 6.251303133416101, "disabled": false}, {"uid": "947dc732", "axes": [[-0.3424575796029697, 0.9351299784609773, -0.09085554224178055], [0.9277838994388201, 0.3518356051021022, 0.12421249101654375], [-0.1481210387304013, 0.04175680023672643, 0.9880873076400776]], "hyperbolic_axes": [18.961704228052238, 96.1471145183905, 1.0], "max_angular_error": 6.037721998931315, "min_angular_error": 1.191792680228653, "strike": 195.74367439503658, "dip": 8.852678102874076, "rake": 53.8163012124773, "disabled": false}, {"uid": "abf38495", "axes": [[-0.8928853871800716, -0.4434826067511526, 0.07796706272199948], [-0.4380915106284731, 0.895607373407624, 0.07722215364232785], [0.10407455825299494, -0.034793824266663116, 0.9939607014954588]], "hyperbolic_axes": [13.235474137831064, 26.27248083246176, 1.0], "max_angular_error": 8.641492817603256, "min_angular_error": 4.359552836988317, "strike": 18.4856232231416, "dip": 6.300132599070605, "rake": 135.2750179400754, "disabled": false}, {"uid": "c7aa3a6d", "axes": [[-0.5092586335421773, -0.8595436523039882, 0.0428993466928664], [-0.8578664345805046, 0.5109816402526646, 0.05443292886506489], [0.06870825702116964, 0.009081470619720793, 0.9975954602485398]], "hyperbolic_axes": [19.262658833972463, 27.961586498521847, 1.0], "max_angular_error": 5.943560681908393, "min_angular_error": 4.096432140276364, "strike": -7.529389699847059, "dip": 3.974117215889249, "rake": 128.2421349991979, "disabled": false}, {"uid": "f9ad8cf2", "axes": [[0.6438909768513276, -0.7563986360611951, -0.11517601006375752], [-0.7524841825953984, -0.6532854523423054, 0.08358033681222293], [0.13846286459978455, -0.03285150107184068, 0.989822617444231]], "hyperbolic_axes": [12.768061713348622, 21.815153355676298, 1.0], "max_angular_error": 8.956575810115842, "min_angular_error": 5.249167645214611, "strike": 13.347123344595602, "dip": 8.181344887878517, "rake": 35.96744912160753, "disabled": false}, {"uid": "2f1508f4", "axes": [[0.570237378126071, 0.8198879241213327, -0.051118729130485846], [0.7729198371844644, -0.5144113787775976, 0.3714510178622101], [-0.2782521480144319, 0.25132593432461897, 0.9270442367337235]], "hyperbolic_axes": [1.1979297602845531, 31.161410231948107, 1.0], "max_angular_error": 79.70846748106379, "min_angular_error": 3.676093149517829, "strike": 222.08932246820132, "dip": 22.02134459621923, "rake": 82.164230172914, "disabled": false}, {"uid": "b788125e", "axes": [[-0.4964680029382747, 0.8571614043392213, 0.13709065967342685], [0.8664089164964455, 0.4795866423936081, 0.13904043243992337], [-0.05343324315383369, -0.1878056957305595, 0.9807517061811434]], "hyperbolic_axes": [2.96937255460335, 5.742534508924648, 1.0], "max_angular_error": 37.22411583921786, "min_angular_error": 19.75676065202519, "strike": 105.88176466826201, "dip": 11.25985610036638, "rake": 134.5954389159457, "disabled": false}, {"uid": "067248ba", "axes": [[0.9844882741321761, -0.1476793642275532, -0.09472931688550588], [-0.14481582305785917, -0.9887866261894557, 0.036460735880511914], [0.09905157993855393, 0.02217686294811098, 0.9948351477815089]], "hyperbolic_axes": [3.7818753553623417, 21.88181431525312, 1.0], "max_angular_error": 29.62224461451551, "min_angular_error": 5.233198791373757, "strike": -12.619948093052187, "dip": 5.82577462438678, "rake": 21.05141089319118, "disabled": false}, {"uid": 