[{"uid": "6e867c8a", "axes": [[0.8506494643286162, 0.5178097881019056, -0.09093135973522985], [0.5226940959667344, -0.8515564866875719, 0.04052692958808222], [0.0564479484034304, 0.08200349581681754, 0.9950321883209934]], "hyperbolic_axes": [3.7909473839961643, 20.471687676742214, 1.0], "max_angular_error": 29.55446178823472, "min_angular_error": 5.593117086389042, "strike": -55.45802048446973, "dip": 5.713472578960193, "rake": 24.02191398355841, "disabled": false}, {"uid": "85c37028", "axes": [[0.8833185515513918, 0.4624779111011949, -0.07656708319262556], [0.46395801908893664, -0.8858554549362458, 0.0017519939402862283], [0.06701710981697916, 0.03707148099512884, 0.9970628928450836]], "hyperbolic_axes": [3.8045304177391994, 7.669836951972002, 1.0], "max_angular_error": 29.4535395710997, "min_angular_error": 14.85674110489257, "strike": -28.949807852557463, "dip": 4.392420204801604, "rake": 1.310802770580989, "disabled": false}, {"uid": "630d4db3", "axes": [[0.7221107180390155, -0.6913688727872693, -0.023773780390127702], [-0.6843838364006459, -0.7189819311714029, 0.12117651225618796], [0.10087058722299226, 0.07123246724563743, 0.9923462401014013]], "hyperbolic_axes": [4.495234250762714, 15.4967163900146, 1.0], "max_angular_error": 25.0833408927065, "min_angular_error": 7.384331986937128, "strike": -35.2288509676336, "dip": 7.093367088952789, "rake": 78.90004832118213, "disabled": false}, {"uid": "702d843a", "axes": [[0.993420079717058, -0.10116414023366474, -0.05368763308004041], [-0.0923728699469364, -0.9848773286076338, 0.14657387383997636], [0.06770375257487593, 0.14065014868628647, 0.9877417362660167]], "hyperbolic_axes": [3.149736736374595, 4.183929238676661, 1.0], "max_angular_error": 35.22791788130647, "min_angular_error": 26.88415140236177, "strike": -64.29556564764567, "dip": 8.980422151097827, "rake": 69.88303669980994, "disabled": false}, {"uid": "18f432c8", "axes": [[0.9849323899949403, 0.1480141724993175, -0.0894426736977222], [0.15492136215849647, -0.9850035358495408, 0.07594343889275966], [0.07686064458362876, 0.08865573361742965, 0.993092443940112]], "hyperbolic_axes": [5.322123325476669, 16.517206079326968, 1.0], "max_angular_error": 21.2830262976567, "min_angular_error": 6.92925037489487, "strike": -49.07614224526668, "dip": 6.738297001873391, "rake": 40.3337171551704, "disabled": false}, {"uid": "73c06ff3", "axes": [[0.9825176700915693, 0.17601638221791327, -0.0606404250376884], [0.17936335048637816, -0.9822427649781182, 0.0550267130623103], [0.04987801579989628, 0.06494138772045649, 0.9966417609656976]], "hyperbolic_axes": [5.6565964481388376, 18.671089909103678, 1.0], "max_angular_error": 20.05087097156361, "min_angular_error": 6.131520853250691, "strike": -52.47405591508618, "dip": 4.696940368787778, "rake": 42.22142499369953, "disabled": false}, {"uid": "a12d63ab", "axes": [[0.8729704785701242, 0.4695437683967385, -0.1321029640274524], [0.4773253969092491, -0.8780994929989602, 0.03319255730426441], [0.10041418729679678, 0.09203222237216202, 0.9906801002517235]], "hyperbolic_axes": [3.7474031191020534, 19.428631055640814, 1.0], "max_angular_error": 29.88260352778968, "min_angular_error": 5.892876706416764, "strike": -42.50606998556805, "dip": 7.828546343574601, "rake": 14.10431889660376, "disabled": false}, {"uid": "ae718ed8", "axes": [[0.9863272378641033, 0.15635635167259745, -0.05206986786043867], [0.16142677100268044, -0.9802406338644367, 0.11432277692872703], [0.03316590796309786, 0.12116513942831256, 0.9920781378179346]], "hyperbolic_axes": [4.391087062567266, 19.39380182797008, 1.0], "max_angular_error": 25.65879334967315, "min_angular_error": 5.903440994643933, "strike": -74.69169556085183, "dip": 7.216695657476647, "rake": 65.51246050296982, "disabled": false}, {"uid": "5d7424fd", "axes": [[0.9439343638533768, -0.3289657025002364, -0.02773956227569048], [-0.3250537322745241, -0.9408070908141433, 0.09603170834797416], [0.05768871528403922, 0.08163078127982312, 0.994991672164407]], "hyperbolic_axes": [4.476576520804566, 12.273490922511012, 1.0], "max_angular_error": 25.18455717264656, "min_angular_error": 9.315931102177505, "strike": -54.75103784041698, "dip": 5.736743456433797, "rake": 73.8881959483177, "disabled": false}, {"uid": "65eafd00", "axes": [[0.7003652437419801, 0.7032242469786286, -0.12232818080711175], [0.710744417802816, -0.7028653144265953, 0.028683136825307973], [0.06580955797126183, 0.10703274376256965, 0.9920751452598151]], "hyperbolic_axes": [4.846449247559924, 17.437985020190542, 1.0], "max_angular_error": 23.31720289976145, "min_angular_error": 6.564186857445613, "strike": -58.41453583991097, "dip": 7.218060421465038, "rake": 13.19614687957344, "disabled": false}, {"uid": "0a3a036c", "axes": [[0.5560408542787602, 0.8228200119984574, -0.11741293041145588], [0.8287634198036847, -0.5595895373925986, 0.0032777486235087815], [0.06300605025113247, 0.09913010388169714, 0.9930777714439871]], "hyperbolic_axes": [2.9448839254471926, 12.785274063981268, 1.0], "max_angular_error": 37.51209331610706, "min_angular_error": 8.94456684738672, "strike": -57.56039012054111, "dip": 6.745457958848659, "rake": 1.599077703229551, "disabled": false}, {"uid": "2dd68d41", "axes": [[0.6054446895136822, 0.7873727174618105, -0.11610741464904278], [0.7949296581675203, -0.6054013124711527, 0.039699992744018385], [0.039032890046090965, 0.11633337721827575, 0.9924429348026212]], "hyperbolic_axes": [4.2579862641144866, 19.554905226827994, 1.0], "max_angular_error": 26.43311684972637, "min_angular_error": 5.854890351805381, "strike": -71.4520504913043, "dip": 7.048360258292035, "rake": 18.87682520941221, "disabled": false}, {"uid": "0ae2f676", "axes": [[0.9798963580391014, 0.1699380791711625, -0.10451878658557588], [0.17892622823496696, -0.9803039149685479, 0.08360406178497905], [0.08825266200695556, 0.10062446792383001, 0.9910026155887441]], "hyperbolic_axes": [7.895262140981591, 13.37011581000131, 1.0], "max_angular_error": 14.43709117049336, "min_angular_error": 8.554794617950309, "strike": -48.74762730793611, "dip": 7.691692841938277, "rake": 38.65614207526797, "disabled": false}, {"uid": "74e73841", "axes": [[0.8507855024906558, 0.5100096491355363, -0.1267051164727365], [0.5166156798871337, -0.8558857794801865, 0.023827962110682593], [0.09629261678071184, 0.08573033460940656, 0.9916541946068106]], "hyperbolic_axes": [4.888683721522956, 19.76841095031049, 1.0], "max_angular_error": 23.12120577436798, "min_angular_error": 5.791763719324426, "strike": -41.67901044249601, "dip": 7.407544430300304, "rake": 10.65055980056193, "disabled": false}, {"uid": "4b62d671", "axes": [[0.9628011744998601, 0.26819816603941266, -0.03291871982300438], [0.26982699813340677, -0.9607634324820891, 0.06424187017474552], [0.01439755048625709, 0.07073450740854843, 0.9973912672575721]], "hyperbolic_axes": [9.804026484493656, 21.292022507258014, 1.0], "max_angular_error": 11.64793123974681, "min_angular_error": 5.377949180812506, "strike": -78.49498138493533, "dip": 4.139490432537883, "rake": 62.86856080953021, "disabled": false}, {"uid": "01d9be19", "axes": [[0.7216119746269689, 0.6843928406754352, -0.10431968993040225], [0.6908022351524851, -0.7217305464666758, 0.043557894866995406], [0.04547999541883845, 0.10349617349990252, 0.9935895088453685]], "hyperbolic_axes": [5.3453543090995055, 22.409831606070956, 1.0], "max_angular_error": 21.19262909954289, "min_angular_error": 5.110060269772139, "strike": -66.27756091563958, "dip": 6.491059041817521, "rake": 22.6626055619776, "disabled": false}, {"uid": "d1c17bc0", "axes": [[0.9329628007036794, 0.35666967737424643, -0.04865340424777681], [0.35810291759949897, -0.9333584389072074, 0.024583021120832927], [0.03664304722417448, 0.04035797024692675, 0.998513155310272]], "hyperbolic_axes": [4.856014157357702, 18.34201860917174, 1.0], "max_angular_error": 23.2725286178754, "min_angular_error": 6.241309999773522, "strike": -47.76209984637001, "dip": 3.124814625743397, "rake": 26.80602140717632, "disabled": false}, {"uid": "b6b8310f", "axes": [[0.911292199265776, 0.41136938682078983, -0.017937534502617807], [0.4116754544744749, -0.9093553392805683, 0.05996821745855823], [-0.00835749607117799, 0.06203301144237464, 0.9980391063233998]], "hyperbolic_axes": [5.177187100189253, 9.166479768546123, 1.0], "max_angular_error": 21.86468006320302, "min_angular_error": 12.45191001569502, "strike": 262.3269376629214, "dip": 3.588687532416401, "rake": 73.34716328382612, "disabled": false}, {"uid": "47f1f3f2", "axes": [[0.7715169953068137, 0.6292137024166049, -0.09408316876006198], [0.6338563518680213, -0.7729180860717976, 0.028701174534723137], [0.05465941043689874, 0.08177865806124228, 0.9951505413435663]], "hyperbolic_axes": [6.248094724430027, 12.986807568047455, 1.0], "max_angular_error": 18.18600515925868, "min_angular_error": 8.806312286323232, "strike": -56.24193211753197, "dip": 5.64494772923473, "rake": 16.96494185611443, "disabled": false}, {"uid": "7dc63fd8", "axes": [[0.7865284602327376, 0.6049554982884862, -0.1241040947529464], [0.6122760782872447, -0.790115280123917, 0.028911037198549344], [0.080566650675764, 0.09872532200622908, 0.9918479347126029]], "hyperbolic_axes": [5.1230576658222855, 13.325224460780706, 1.0], "max_angular_error": 22.09004655494059, "min_angular_error": 8.583507363509595, "strike": -50.78319015070986, "dip": 7.320941387227462, "rake": 13.11362399859177, "disabled": false}, {"uid": "f98f52f4", "axes": [[0.9837437152629456, 0.15344129622311614, -0.09329561240501359], [0.1586946653866867, -0.9859716464814658, 0.05172925199956833], [0.0840494250930019, 0.06569384254248838, 0.9942937258142277]], "hyperbolic_axes": [6.106793092270667, 18.16020875287774, 1.0], "max_angular_error": 18.59952997703938, "min_angular_error": 6.303669148745569, "strike": -38.01152678278595, "dip": 6.12379552946305, "rake": 29.0068817083796, "disabled": false}, {"uid": "3d3009c1", "axes": [[-0.8366950359280395, 0.5307158968496093, -0.13521114482353797], [0.5252612519794643, 0.8475189215065679, 0.07623840801925034], [-0.15505493872283613, 0.007232877674825017, 0.9878793709042611]], "hyperbolic_axes": [4.8479877030445895, 7.403862186172404, 1.0], "max_angular_error": 23.31000591163843, "min_angular_error": 15.38417038797348, "strike": 182.67075126628578, "dip": 8.929761284539069, "rake": 29.41635025210568, "disabled": false}, {"uid": "994414b3", "axes": [[-0.9358740495163708, 0.29116602828301724, -0.19839885941134583], [0.2771938630690342, 0.9560537393002936, 0.09552387056014716], [-0.2174932774103495, -0.034403365297881364, 0.9754553207284716]], "hyperbolic_axes": [3.0496830166570006, 7.668528146323959, 1.0], "max_angular_error": 36.30893781304223, "min_angular_error": 14.85924841356671, "strike": 171.01135565535378, "dip": 12.72063048015897, "rake": 25.70960066537714, "disabled": false}, {"uid": "467b54b3", "axes": [[-0.9035838600898369, 0.387667419101635, -0.18234631872409066], [0.3833438128547805, 0.9216637128091212, 0.05986252280738692], [-0.19126873484997323, 0.015810523646711382, 0.9814103618827894]], "hyperbolic_axes": [4.088394266174699, 13.492600733203506, 1.0], "max_angular_error": 27.48879464410305, "min_angular_error": 8.477419098574275, "strike": 184.72540085433258, "dip": 11.0649176011545, "rake": 18.1745051334035, "disabled": false}, {"uid": "9870235c", "axes": [[0.5849249965355302, 0.8107153156393736, -0.02456471892086101], [0.8016303526018843, -0.5732283494268291, 0.16969984443355235], [-0.12349706966276087, 0.11895350520747162, 0.9851895946382946]], "hyperbolic_axes": [5.66598052964401, 25.934800543534518, 1.0], "max_angular_error": 20.01833447772849, "min_angular_error": 4.416259930934481, "strike": 223.92639314754638, "dip": 9.873214462672735, "rake": 81.76342186235476, "disabled": false}, {"uid": "2cf47e35", "axes": [[0.8898894111106588, 0.45595176180427244, 0.01431177489709708], [0.4544037951286245, -0.888758299870474, 0.060215242123964924], [-0.04017495445956562, 0.04708158152531348, 0.9980828110508904]], "hyperbolic_axes": [5.276913945916412, 13.811969575487261, 1.0], "max_angular_error": 21.4611496718876, "min_angular_error": 8.282088947595026, "strike": 229.52570394707482, "dip": 3.54845660523961, "rake": 103.3698150367794, "disabled": false}, {"uid": "e456ec82", "axes": [[-0.22614124475694256, 0.9704983479308861, -0.08362472172271379], [0.96101846399756, 0.2363011311441275, 0.14354541886029085], [-0.1590712081916495, 0.047903361921962914, 0.9861042635751163]], "hyperbolic_axes": [5.627929151737764, 9.11220265249044, 1.0], "max_angular_error": 20.15091777989408, "min_angular_error": 12.52549255908925, "strike": 196.75936683594477, "dip": 9.562745631286475, "rake": 59.77636437494592, "disabled": false}, {"uid": "fea1ce92", "axes": [[0.6273188913579836, 0.7783034119046561, 0.026735885303495827], [0.7681045662835693, -0.6240292492580416, 0.14353700332936828], [-0.12839931386000694, 0.0695075182121776, 0.9892837414575574]], "hyperbolic_axes": [24.85532339008733, 48.19843749454625, 1.0], "max_angular_error": 4.607857566905436, "min_angular_error": 2.377154256820679, "strike": 208.42839839891792, "dip": 8.395524247159353, "rake": 100.5512695491649, "disabled": false}, {"uid": "4e4c6b02", "axes": [[0.7463349601768081, 0.6652265657931093, 0.021394938209502102], [0.6626219789210402, -0.7456670637819511, 0.0700909626240655], [-0.06257987111401604, 0.038134579503512483, 0.9973111418095376]], "hyperbolic_axes": [7.5006981805782, 32.85661147402291, 1.0], "max_angular_error": 15.18788938724552, "min_angular_error": 3.48654932014227, "strike": 211.3570655575556, "dip": 4.202608556516315, "rake": 106.9745644687342, "disabled": false}, {"uid": "f43bf585", "axes": [[0.9692434678208196, 0.17733927318303183, 0.17063962691469298], [0.15906735275702036, -0.9804912533945306, 0.11547501592853768], [-0.18778891706792833, 0.08478021115647451, 0.9785436313331758]], "hyperbolic_axes": [9.04095814462824, 16.79150995961574, 1.0], "max_angular_error": 12.62340236147188, "min_angular_error": 6.816324090741637, "strike": 204.29753244089312, "dip": 11.89036937667885, "rake": 145.9130555075723, "disabled": false}, {"uid": "1dfde887", "axes": [[0.8286931166411519, 0.5596846197780492, -0.004565612278187803], [0.5585939395831206, -0.8265098564724467, 0.06967257577343167], [-0.03522114553195648, 0.060287507311183736, 0.9975594655806844]], "hyperbolic_axes": [3.90193247984737, 11.032822919816232, 1.0], "max_angular_error": 28.74913446494914, "min_angular_error": 10.35811903545576, "strike": 239.70568876897931, "dip": 4.003763943611626, "rake": 86.25079394902926, "disabled": false}, {"uid": "4e6c92bb", "axes": [[0.7305507713685895, 0.6827642685399803, 0.011336845144245537], [0.678563738792285, -0.7277151754749064, 0.09990933780063711], [-0.07646452019724222, 0.06529607176999193, 0.99493195755409]], "hyperbolic_axes": [3.493617078446103, 10.349658338918072, 1.0], "max_angular_error": 31.9460872121978, "min_angular_error": 11.03775034490396, "strike": 220.49532125403232, "dip": 5.770870666310075, "rake": 96.47373816934623, "disabled": false}, {"uid": "5ce66599", "axes": [[0.9057698272821586, 0.4231385388949693, 0.023125675926967508], [0.42164624849925575, -0.9053441380677223, 0.05065997229486903], [-0.04237288179664443, 0.03613541985702719, 0.9984481810890358]], "hyperbolic_axes": [5.283798729369509, 13.934850855692364, 1.0], "max_angular_error": 21.43383390690267, "min_angular_error": 8.20930598198415, "strike": 220.4574087957136, "dip": 3.192378141061218, "rake": 114.5361348235747, "disabled": false}, {"uid": "6414792d", "axes": [[0.7591048421212391, 0.6485983966420158, -0.05549737418558636], [0.6503785247964636, -0.7592842905851458, 0.022251753957554042], [0.027705832448499133, 0.052985714527768735, 0.99821084992316]], "hyperbolic_axes": [3.8017465982947227, 15.581950911018243, 1.0], "max_angular_error": 29.47416845644321, "min_angular_error": 7.344049916822591, "strike": -62.39526967549972, "dip": 3.427881409379324, "rake": 21.8483901120966, "disabled": false}, {"uid": "6bde0242", "axes": [[0.9851318195717652, 0.13576645915971328, -0.10527471982606816], [0.14182854320500046, -0.9885045472754356, 0.05237770850403315], [0.09695340323872363, 0.06652990743282364, 0.9930628424311372]], "hyperbolic_axes": [6.710577097645905, 21.4970799402421, 1.0], "max_angular_error": 16.95151649826596, "min_angular_error": 5.326723948873314, "strike": -34.45810765157108, "dip": 6.752736351453169, "rake": 26.45188743084623, "disabled": false}, {"uid": "13994c35", "axes": [[-0.3777771023850311, 0.9231622277915101, -0.07110528878069278], [0.9150958799512836, 0.3839634247839032, 0.12317312582053651], [-0.1410106074370138, 0.01853617024176903, 0.9898345412153552]], "hyperbolic_axes": [4.206922015285747, 12.043544269993626, 1.0], "max_angular_error": 26.74250788588256, "min_angular_error": 9.492994494406572, "strike": 187.48872528171438, "dip": 8.176542716644065, "rake": 60.00305223731354, "disabled": false}, {"uid": "57608aa1", "axes": [[0.9053579387606113, 0.4245530778723909, -0.009038074585696956], [0.42461595183867834, -0.9048152245640217, 0.031791552986477956], [-0.005319414184868598, 0.032620445524831024, 0.9994536559373283]], "hyperbolic_axes": [4.666510286506894, 11.45243159784452, 1.0], "max_angular_error": 24.19030090419068, "min_angular_error": 9.980557683844106, "strike": 260.7383014347736, "dip": 1.894045985279285, "rake": 74.12998907939406, "disabled": false}, {"uid": "4b59e514", "axes": [[-0.9847001027919119, 0.17411720455672777, 0.006993328173955281], [0.1685774757260402, 0.9416723138364683, 0.29126429240761414], [-0.04412870085822092, -0.28798689628388047, 0.9566170630557157]], "hyperbolic_axes": [7.692601244214785, 11.803816835829643, 1.0], "max_angular_error": 14.81326523396819, "min_angular_error": 9.684882975291517, "strike": 98.71176343048981, "dip": 16.93869019930906, "rake": 91.37542166455, "disabled": false}, {"uid": "54d905a5", "axes": [[-0.9852692931285962, 0.17094322640606888, 0.004778426912672967], [0.16727846371758553, 0.957588472686107, 0.2346108108228887], [-0.035529362422659805, -0.23195415565273328, 0.9720776378876673]], "hyperbolic_axes": [3.7688303888006485, 12.331832184332841, 1.0], "max_angular_error": 29.720246221271, "min_angular_error": 9.272050480993858, "strike": 98.70854133247869, "dip": 13.5715504345749, "rake": 91.16680831990985, "disabled": false}, {"uid": "2df2ee4a", "axes": [[-0.9531969083057819, 0.30180289112359543, 0.018184303828800305], [0.2978845588005588, 0.9271197013465844, 0.22740679190212545], [-0.051773000922250415, -0.2221802742919798, 0.9736300540200293]], "hyperbolic_axes": [4.168209877207148, 12.639085631651946, 1.0], "max_angular_error": 26.98183876765717, "min_angular_error": 9.04759609791321, "strike": 103.11713076702151, "dip": 13.18715947225326, "rake": 94.57185848464425, "disabled": false}, {"uid": "fd1371f8", "axes": [[-0.9993027907054322, 0.037242973482296035, -0.0026255312857686426], [0.03700318967018698, 0.9973192432689602, 0.06312757685560917], [-0.004969551545936851, -0.06298641069013043, 0.9980020118345487]], "hyperbolic_axes": [3.4571556721699848, 12.358049882963222, 1.0], "max_angular_error": 32.26556768022451, "min_angular_error": 9.252465227370875, "strike": 94.511222309445, "dip": 3.622483550838268, "rake": 87.61839088410551, "disabled": false}, {"uid": "cda532a0", "axes": [[-0.9232269833657704, 0.3508781672897877, 0.15664114690814546], [0.38074423741000046, 0.7803523509359145, 0.4960685779888387], [-0.051824346251705546, -0.5176241108257525, 0.8540371871455202]], "hyperbolic_axes": [3.2965002043647615, 37.31108842346113, 1.0], "max_angular_error": 33.75056010582374, "min_angular_error": 3.070511676066966, "strike": 95.71738077971429, "dip": 31.34647040560742, "rake": 107.5242987824011, "disabled": false}, {"uid": "cbbe5627", "axes": [[-0.9976463480254715, 0.06847201989824095, 0.003653322117551836], [0.06854472690846977, 0.997300208454872, 0.026342259373716436], [0.0018397512013854874, -0.02653067482978445, 0.9996463067548407]], "hyperbolic_axes": [4.137157992620981, 10.406426917159648, 1.0], "max_angular_error": 27.176871357237, "min_angular_error": 10.97790653654576, "strike": 86.03321414208801, "dip": 1.523925774792391, "rake": 97.89579939422687, "disabled": false}, {"uid": "f056c6b8", "axes": [[0.9831028382974362, -0.18189239951188302, 0.02059039415199807], [-0.18252731787723192, -0.9825799900378501, 0.03493338526055356], [-0.01387759201263053, 0.038101419619587316, 0.999177508885635]], "hyperbolic_axes": [4.535777704743117, 13.984151552674618, 1.0], "max_angular_error": 24.86613350657784, "min_angular_error": 8.180462727639725, "strike": 249.98697555964418, "dip": 2.323983333032697, "rake": 120.5158970674073, "disabled": false}, {"uid": "ab336c8e", "axes": [[-0.9915697589003376, 0.12952979798164654, -0.003382997067711764], [0.12941190445518286, 0.9912973788140483, 0.024126038665304415], [-0.006478597040172561, -0.023484850249277267, 0.9997032007496824]], "hyperbolic_axes": [4.593201975165097, 12.23823879004193, 1.0], "max_angular_error": 24.56475039204949, "min_angular_error": 9.342646967141937, "strike": 105.422201359191, "dip": 1.395981851165857, "rake": 82.01792491156746, "disabled": false}, {"uid": "aaa806ac", "axes": [[-0.9996592584534103, -0.02526963446720473, -0.0065431309227034435], [-0.026081638480573977, 0.9770922468012379, 0.21121195367468557], [-0.0010559936299154803, -0.2113106405621893, 0.9774183843486118]], "hyperbolic_axes": [5.288507437516155, 10.024973392687283, 1.0], "max_angular_error": 21.41519138262275, "min_angular_error": 11.39292210251028, "strike": 90.2863247887922, "dip": 12.19932485934831, "rake": 88.22560266600588, "disabled": false}, {"uid": "f627b4cb", "axes": [[-0.9982623855971674, -0.05544288386844356, -0.01995735779612669], [-0.05844983398698985, 0.974627806756364, 0.2160653956656942], [-0.007471707217608598, -0.21685646157223412, 0.9761749067998134]], "hyperbolic_axes": [3.580744632383055, 12.549487807184176, 1.0], "max_angular_error": 31.20706958585524, "min_angular_error": 9.111920969355044, "strike": 91.97332376309839, "dip": 12.53201726243789, "rake": 84.72272275407981, "disabled": false}, {"uid": "1397969e", "axes": [[-0.5525270844493597, 0.8262470030395059, -0.10968003883170756], [0.8190070974853475, 0.562630235677529, 0.11258149124112107], [-0.15472942583269872, 0.02762440713721934, 0.9875706035073141]], "hyperbolic_axes": [7.588357317992859, 10.48419912300782, 1.0], "max_angular_error": 15.01445464541793, "min_angular_error": 10.89696384988703, "strike": 190.1225732541784, "dip": 9.043020486268327, "rake": 45.74790961454107, "disabled": false}, {"uid": "765d602e", "axes": [[-0.13284378865640303, 0.9896894397002329, -0.053547556071700905], [0.9901232738089204, 0.13495697189308462, 0.03798050025150866], [-0.04481551603316204, 0.04797320797370336, 0.9978427435419838]], "hyperbolic_axes": [6.087680170608545, 10.762249136346922, 1.0], "max_angular_error": 18.656900252851, "min_angular_error": 10.61706291099078, "strike": 226.94907979440723, "dip": 3.764147418581047, "rake": 35.34752172916166, "disabled": false}, {"uid": "edee030d", "axes": [[-0.6110993141467038, 0.7912831627748347, -0.020702283895325413], [0.7908335870666399, 0.6114498759694627, 0.026669959584520432], [-0.033761898891197704, 7.406742299136023e-05, 0.9994299018426842]], "hyperbolic_axes": [7.669330331475616, 15.804143993353902, 1.0], "max_angular_error": 14.85771154945323, "min_angular_error": 7.241075286621283, "strike": 180.1256962454143, "dip": 1.934786656558501, "rake": 52.17996286267251, "disabled": false}, {"uid": "ccbcae24", "axes": [[-0.5632513300160924, 0.8248268948444056, -0.04907680487194324], [0.8197446613168967, 0.565264646424824, 0.09216599017351818], [-0.10376237023868201, -0.01168216775921763, 0.9945335074691531]], "hyperbolic_axes": [8.176567011779197, 15.629713029533134, 1.0], "max_angular_error": 13.94537573586739, "min_angular_error": 7.321668695976567, "strike": 173.5763597075471, "dip": 5.993631625942299, "rake": 61.96546640351917, "disabled": false}, {"uid": "35696388", "axes": [[-0.47606913730423844, 0.8762973380256214, -0.07389960673513826], [0.8739141903256041, 0.4808000497786512, 0.07145138263455984], [-0.09814359099779212, 0.03056611689528898, 0.9947027435591005]], "hyperbolic_axes": [6.784519034230579, 13.396169287331073, 1.0], "max_angular_error": 16.76940878401879, "min_angular_error": 8.538218435798271, "strike": 197.2988251309194, "dip": 5.900041000569813, "rake": 44.03502792945898, "disabled": false}, {"uid": "321287da", "axes": [[-0.10294927251914458, 0.9945690837973014, -0.01529002427649057], [0.9778932619593147, 0.10401190425136934, 0.18140091507094233], [-0.18200608644314653, -0.0037230805256861592, 0.9832903554744393]], "hyperbolic_axes": [7.662873739917192, 9.240807615475518, 1.0], "max_angular_error": 14.87009036670179, "min_angular_error": 12.35253104669694, "strike": 178.828132294208, "dip": 10.48884914131645, "rake": 85.18200887603275, "disabled": false}, {"uid": "8022ea3e", "axes": [[-0.14026668307565493, 0.9899128225602243, -0.01994646208739436], [0.989433260563913, 0.14088861155323026, 0.03423772808564807], [-0.036702595396205545, 0.01493328046522502, 0.999214649925495]], "hyperbolic_axes": [5.981683941004406, 10.794612507584908, 1.0], "max_angular_error": 18.98153950106352, "min_angular_error": 10.58541289232615, "strike": 202.1400607795792, "dip": 2.270898386511419, "rake": 59.77546985029061, "disabled": false}, {"uid": "02a5bde1", "axes": [[-0.0410006301748821, 0.9991521834156345, -0.0037232648351128257], [0.9991168632842026, 0.041032883006484555, 0.009044114844030192], [-0.009189223383855914, 0.0033491622752550554, 0.9999521694989493]], "hyperbolic_axes": [5.629775724143077, 10.05161692801183, 1.0], "max_angular_error": 20.14444361066577, "min_angular_error": 11.36292103720284, "strike": 200.0250938306046, "dip": 0.5603918705684521, "rake": 67.62410342210781, "disabled": false}, {"uid": "558b0e25", "axes": [[-0.6592091344749553, 0.7510385284511075, -0.03720814167322935], [0.7508849203276743, 0.6601051881499929, 0.020808099431828018], [-0.04018897173706305, 0.01422214327931951, 0.9990908753418078]], "hyperbolic_axes": [8.281088191055694, 24.57611775616059, 1.0], "max_angular_error": 13.7710621926659, "min_angular_error": 4.660149378620043, "strike": 199.4879416473329, "dip": 2.443330727218537, "rake": 29.21545323662195, "disabled": false}, {"uid": "3e8833bf", "axes": [[0.6913104090042123, -0.7218631595481552, -0.03167802534223786], [-0.7217908023252461, -0.6919321357752741, 0.015746655522527166], [0.033285974240005824, -0.011979080458126595, 0.9993740768852629]], "hyperbolic_axes": [9.539119982406323, 11.99420481715868, 1.0], "max_angular_error": 11.96908439624152, "min_angular_error": 9.531865434433682, "strike": 19.792978502962896, "dip": 2.027312885391287, "rake": 26.43125890983927, "disabled": false}, {"uid": "c6f9516c", "axes": [[-0.7114348980220856, 0.7027475383023735, -0.0025066484115153307], [0.7026950602675983, 0.7114181290500947, 0.010193033620035551], [-0.008946404407420103, -0.0054902703774064, 0.9999449078721098]], "hyperbolic_axes": [9.014989876252173, 10.522161678508835, 1.0], "max_angular_error": 12.65947017623249, "min_angular_error": 10.85788437232258, "strike": 148.4632014909143, "dip": 0.6014290447415265, "rake": 76.18410147711545, "disabled": false}, {"uid": "dedb5333", "axes": [[0.07307139076407226, 0.9973251475299703, 0.0017669058059952805], [0.9971434485573655, -0.07309181067380786, 0.019040226142269898], [-0.019118442690993432, -0.0003705627439880685, 0.9998171572004173]], "hyperbolic_axes": [8.840323925228553, 10.163463781258256, 1.0], "max_angular_error": 12.90750420006825, "min_angular_error": 11.23867913998467, "strike": 178.88960500379562, "dip": 1.095678598799395, "rake": 95.30178244190006, "disabled": false}, {"uid": "aaf74b2e", "axes": [[-0.16296011516935127, -0.9866167070750874, -0.005610185763670329], [-0.98654921872416, 0.16286975021947267, 0.013931385365281088], [0.012831208000073674, -0.007804984545641159, 0.9998872147984997]], "hyperbolic_axes": [9.190683611153837, 10.989357106321009, 1.0], "max_angular_error": 12.41937419024021, "min_angular_error": 10.39886402219964, "strike": 31.311369366100493, "dip": 0.8605334807033387, "rake": 68.06529421071473, "disabled": false}, {"uid": "21639c73", "axes": [[-0.09362131336406798, -0.9955988182332767, -0.004247683661717357], [-0.9955194221930888, 0.09355527222279016, 0.013729205208542712], [0.013271387279619108, -0.005513997807640468, 0.9998967277213442]], "hyperbolic_axes": [8.613427582251662, 11.083711872328339, 1.0], "max_angular_error": 13.2445340216549, "min_angular_error": 10.31081837797459, "strike": 22.5619141007751, "dip": 0.823442441935444, "rake": 72.80843695375539, "disabled": false}, {"uid": "d2374e2e", "axes": [[-0.732360428081739, 0.672415262876208, -0.1072656404961632], [0.6710568009842093, 0.7394550727651975, 0.05374909501243538], [-0.11545983385044091, 0.032617627334564275, 0.9927764688761977]], "hyperbolic_axes": [7.699532584239127, 13.127615351058017, 1.0], "max_angular_error": 14.8000777772033, "min_angular_error": 8.7122206565915, "strike": 195.77508902258228, "dip": 6.890871949116331, "rake": 26.61471602168579, "disabled": false}, {"uid": "2d3f4084", "axes": [[-0.547322228935663, 0.8325606452814318, -0.08532965276774485], [0.8312261458224909, 0.5526393445282394, 0.06043880690818694], [-0.09747549545390868, 0.03784873588330301, 0.9945179741855102]], "hyperbolic_axes": [7.936475995607232, 19.630499772993865, 1.0], "max_angular_error": 14.36290458920352, "min_angular_error": 5.832382910046626, "strike": 201.22068099990582, "dip": 6.002148956724749, "rake": 35.30985841825872, "disabled": false}, {"uid": "e465d8fd", "axes": [[0.914656538784123, -0.3944662792139536, -0.08831631005962129], [-0.3946900962378661, -0.9186808967542036, 0.015656879339007734], [0.0873106178605554, -0.020536905852427657, 0.9959694229778425]], "hyperbolic_axes": [9.154714776353691, 14.346726689665815, 1.0], "max_angular_error": 12.46778641975135, "min_angular_error": 7.974398824612477, "strike": 13.236310888929196, "dip": 5.145969667268266, "rake": 10.05305191310602, "disabled": false}, {"uid": "9c030704", "axes": [[-0.992558644661897, -0.12141271956012946, -0.009289156902079479], [-0.12175002170785874, 0.9908182655091672, 0.0587885783765979], [-0.0020661851499842935, -0.059482066729551863, 0.9982272359620866]], "hyperbolic_axes": [3.9670031462674555, 7.925019039831932, 1.0], "max_angular_error": 28.29664826310294, "min_angular_error": 14.38345134560328, "strike": 91.9894417843951, "dip": 3.412143411146843, "rake": 81.02095511885574, "disabled": false}, {"uid": "16e208d8", "axes": [[0.9982401896543761, -0.050477714528058173, 0.031121119755226075], [-0.05148394513584748, -0.9981472437460455, 0.032426581617888], [-0.029426640175940995, 0.03397175500612757, 0.9989894857853907]], "hyperbolic_axes": [3.298364875502474, 7.559984127001734, 1.0], "max_angular_error": 33.73256343417924, "min_angular_error": 15.0701587244339, "strike": 229.10059464014688, "dip": 2.575997411237886, "rake": 133.8231370420759, "disabled": false}, {"uid": "b3f605dc", "axes": [[-0.9998525539739618, 0.017171023066771058, -0.00016210671264038702], [0.017170085025850698, 0.9998417906882523, 0.004645618743950043], [-0.00024185109246076453, -0.0046421503798898525, 0.9999891959155857]], "hyperbolic_axes": [4.4488234579486505, 8.125603223249286, 1.0], "max_angular_error": 25.33661019940439, "min_angular_error": 14.03197209956416, "strike": 92.98235272977371, "dip": 0.2663373078923428, "rake": 88.00150121270522, "disabled": false}, {"uid": "36e7eb12", "axes": [[-0.9999486815716453, 0.009184419814531851, -0.0042755883570110885], [0.0090845809710444, 0.9996984900175159, 0.02281226523778934], [-0.004483816645304764, -0.022772252619561898, 0.9997306236676569]], "hyperbolic_axes": [4.348540072341966, 8.06643300787317, 1.0], "max_angular_error": 25.90141901781024, "min_angular_error": 14.13386469447905, "strike": 101.13894897686461, "dip": 1.329924839422802, "rake": 79.3844971260629, "disabled": false}, {"uid": "856280c5", "axes": [[-0.934173206579741, -0.3568071137439192, -0.0030172322181555356], [-0.3568092392767448, 0.9340467014089591, 0.01561814181628339], [0.0027544283027582644, -0.015666625953815936, 0.999873476973936]], "hyperbolic_axes": [4.0962411601371596, 8.117542551743668, 1.0], "max_angular_error": 27.43812775517062, "min_angular_error": 14.04576669151225, "strike": 80.0284506498553, "dip": 0.9114377129019999, "rake": 79.06586073186452, "disabled": false}, {"uid": "94b3498d", "axes": [[-0.90450052884438, -0.4264377043503693, -0.005447717744514038], [-0.42644466123994157, 0.9042217402742909, 0.022978148647885735], [0.004872804140158295, -0.023106897751967486, 0.9997211246423133]], "hyperbolic_axes": [3.8488299657429237, 8.78215641043873, 1.0], "max_angular_error": 29.12902741071075, "min_angular_error": 12.99226704558206, "strike": 78.09188762690201, "dip": 1.353171348856876, "rake": 76.66242548872866, "disabled": false}, {"uid": "7f18ddad", "axes": [[0.5265793097088771, 0.8501079795873295, -0.005536571906047838], [0.8501087353103958, -0.5265159270183288, 0.009803914778761363], [-0.005419292895002727, 0.009869226817650185, 0.9999366128043017]], "hyperbolic_axes": [3.77095946378191, 9.39934507532072, 1.0], "max_angular_error": 29.70420807311341, "min_angular_error": 12.1457527205339, "strike": 241.2283634149676, "dip": 0.6451202786090562, "rake": 60.54524803893092, "disabled": false}, {"uid": "8c68fc8d", "axes": [[-0.9990447813298841, -0.04357314320333236, -0.0033024368133049093], [-0.04369778473886738, 0.9958882820169497, 0.07935384899451381], [0.00016883850150183432, -0.07942235788939087, 0.9968410407687125]], "hyperbolic_axes": [4.361856034111108, 8.279140455871838, 1.0], "max_angular_error": 25.82500079472299, "min_angular_error": 13.77427083374509, "strike": 89.87819904570819, "dip": 4.555373946190969, "rake": 87.61692002983355, "disabled": false}, {"uid": "b7ccff27", "axes": [[0.9823632551423842, 0.18693664146276753, -0.004138480962823131], [0.186942022259944, -0.98145008756259, 0.042525356397647894], [-0.00388783479864462, 0.04254900353715774, 0.9990868165672958]], "hyperbolic_axes": [3.4913275015764063, 7.003172490104263, 1.0], "max_angular_error": 31.96596741193649, "min_angular_error": 16.25293712446815, "strike": 264.7792037584276, "dip": 2.448779590037884, "rake": 84.44159496963985, "disabled": false}, {"uid": "92707d15", "axes": [[-0.9990122883572632, 0.04385842697857009, 0.007133448965957313], [0.044028989889075866, 0.9986962922426134, 0.025829516259586776], [0.005991307080440557, -0.026118082698048203, 0.9996409105251974]], "hyperbolic_axes": [4.061691667784415, 8.370207727309332, 1.0], "max_angular_error": 27.6625947876724, "min_angular_error": 13.62582399095231, "strike": 77.08026743353909, "dip": 1.535507580731633, "rake": 105.4387852042591, "disabled": false}, {"uid": "886ce975", "axes": [[-0.9541797292302733, -0.2991908187758717, -0.005089035887662384], [-0.2992228042369135, 0.9538579813178599, 0.024913147147940674], [0.00259956739481634, -0.02529437558906455, 0.9996766661340651]], "hyperbolic_axes": [4.3939741081655646, 9.208081471148095, 1.0], "max_angular_error": 25.64249169446912, "min_angular_error": 12.39609168038245, "strike": 84.13216802422701, "dip": 1.457051593627824, "rake": 78.45495829454408, "disabled": false}, {"uid": "19601160", "axes": [[-0.9923193601730316, 0.12351535037326981, -0.006800415278022752], [0.12344966321426432, 0.9923067322360724, 0.009355736809707842], [-0.007903674972434183, -0.008444369789167534, 0.9999331100332631]], "hyperbolic_axes": [4.097095021977097, 10.060875799570166, 1.0], "max_angular_error": 27.43262547382878, "min_angular_error": 11.35253223293967, "strike": 133.1056913643444, "dip": 0.6627054483331847, "rake": 53.98767799512061, "disabled": false}, {"uid": "ed03ae57", "axes": [[-0.9996216723978748, 0.027207238685707635, 0.004034629546180376], [0.027411464806966362, 0.9975263259669052, 0.06472897805545912], [0.0022635524320020303, -0.06481508440221743, 0.9978947244896734]], "hyperbolic_axes": [4.071823081558202, 8.68062551352968, 1.0], "max_angular_error": 27.59639898757332, "min_angular_error": 13.14290646634817, "strike": 87.9998589018939, "dip": 3.718504585714074, "rake": 93.56669567830296, "disabled": false}, {"uid": "2b8744e6", "axes": [[-0.9896560811450495, 0.143459831697049, 0.000343135654492033], [0.14345938543603584, 0.9896390751773462, 0.0058228526034825425], [-0.000495765002720472, -0.005811847518762481, 0.9999829881780392]], "hyperbolic_axes": [3.7198490053177844, 9.009203680013924, 1.0], "max_angular_error": 30.0939497854781, "min_angular_error": 12.66753471458999, "strike": 94.87566895039379, "dip": 0.3342055520195117, "rake": 93.37249039172974, "disabled": false}, {"uid": "c17c36d1", "axes": [[0.9993410971769916, -0.03625713307961109, 0.0016708662226640949], [-0.03627484623841194, -0.9961534470781098, 0.07976493844277095], [0.0012276088408933394, 0.07977299151496671, 0.996812300687189]], "hyperbolic_axes": [3.684301948304609, 8.454338226371531, 1.0], "max_angular_error": 30.37095568453462, "min_angular_error": 13.49148693555861, "strike": -89.11835757101244, "dip": 4.576060301834758, "rake": 91.20002078416799, "disabled": false}, {"uid": "39eba258", "axes": [[-0.9444355469800864, -0.3217363313655519, -0.0672846987052839], [-0.3282696397167326, 0.9128046678270809, 0.24295407391797136], [0.01674936538116132, -0.251541987494192, 0.9677014453263981]], "hyperbolic_axes": [4.26843410663751, 10.049837287125138, 1.0], "max_angular_error": 26.37067937497563, "min_angular_error": 11.36492003339572, "strike": 86.19048337586801, "dip": 14.60175583727581, "rake": 74.52024280080538, "disabled": false}, {"uid": "fa277a50", "axes": [[-0.9938560516770273, -0.1106562004484744, -0.0023138382089198], [-0.11067785143455279, 0.9934744992594862, 0.027546914944223084], [0.0007494976858309605, -0.027633758763878878, 0.9996178337893931]], "hyperbolic_axes": [3.9972649175817945, 9.38666227511508, 1.0], "max_angular_error": 28.09093512320066, "min_angular_error": 12.16204059043766, "strike": 88.446373905598, "dip": 1.584081803832674, "rake": 85.19863865208768, "disabled": false}, {"uid": "69e722f0", "axes": [[-0.9999996747846636, -0.00023588214928578166, -0.0007712264121272844], [-0.0003494969889285161, 0.9885618907119947, 0.15081533769408498], [-0.0007268303941390344, -0.15081555818793357, 0.9885616516566077]], "hyperbolic_axes": [4.33090211573209, 8.954053240511275, 1.0], "max_angular_error": 26.00332745726186, "min_angular_error": 12.7449175947656, "strike": 90.2761253023294, "dip": 8.674293804571164, "rake": 89.70700835888188, "disabled": false}, {"uid": "b22cbcb7", "axes": [[-0.9337111010540055, -0.35443490070685707, -0.0505913127862615], [-0.3578517396663479, 0.9194636844401204, 0.16287622728184434], [0.011212144589029357, -0.17018353080342122, 0.9853485949941756]], "hyperbolic_axes": [4.779929042663443, 11.07677093629483, 1.0], "max_angular_error": 23.63263510052098, "min_angular_error": 10.31724450316436, "strike": 86.2306486958611, "dip": 9.819942598544994, "rake": 72.74457797194177, "disabled": false}, {"uid": "08c40b43", "axes": [[-0.9944098688562345, 0.1046530469868646, 0.014026848458993386], [0.10547968108867677, 0.9906172879413937, 0.08689893963144153], [0.004800999766454985, -0.08789271066478144, 0.9961183774096528]], "hyperbolic_axes": [3.933869143224846, 10.25661226202086, 1.0], "max_angular_error": 28.52529737732252, "min_angular_error": 11.13725618039116, "strike": 86.8734161603733, "dip": 5.049924257289458, "rake": 99.1693453376025, "disabled": false}, {"uid": "0cf97f4a", "axes": [[-0.9900947602387976, 0.13817584708606964, 0.024895803456111316], [0.14028772436866768, 0.980733782035868, 0.13594338220407515], [0.005632063488540273, -0.1380894060225825, 0.9904037539333096]], "hyperbolic_axes": [4.716810650140414, 10.371886374360065, 1.0], "max_angular_error": 23.9398130274796, "min_angular_error": 11